Date,Open,High,Low,Close,Adj Close,Volume
2019-12-19,39.959999,40.130001,39.770000,39.790001,37.846954,8994054
2019-12-20,39.650002,39.900002,39.529999,39.720001,37.780373,14266042
2019-12-23,39.320000,39.380001,39.119999,39.220001,37.304787,3110741
2019-12-24,39.220001,39.360001,39.180000,39.230000,37.314297,1427166
2019-12-27,39.529999,39.750000,39.450001,39.639999,37.704277,3164723
2019-12-30,39.439999,39.540001,39.209999,39.419998,37.495022,2393519
2019-12-31,38.950001,39.160000,38.814999,38.919998,37.019436,3865314
2020-01-02,38.700001,39.130001,38.700001,38.950001,37.047974,2710878
2020-01-03,39.450001,39.509998,39.130001,39.150002,37.238205,3030851
2020-01-06,39.160000,39.419998,38.779999,39.400002,37.475998,3990326
2020-01-07,39.500000,39.685001,39.310001,39.549999,37.618671,4579376
2020-01-08,39.450001,39.750000,39.029999,39.570000,37.637695,5414009
2020-01-09,39.830002,40.224998,39.790001,40.029999,38.075230,5272166
2020-01-10,39.790001,39.970001,39.570000,39.900002,37.951584,4229639
2020-01-13,39.549999,39.639999,39.415001,39.529999,37.599648,2498701
2020-01-14,39.689999,40.049999,39.680000,40.049999,38.094254,4439401
2020-01-15,40.060001,40.299999,40.000000,40.180000,38.217907,4300472
2020-01-16,40.130001,40.169998,39.919998,40.130001,38.170349,5453848
2020-01-17,40.250000,40.630001,40.250000,40.599998,38.617397,4935442
2020-01-20,40.919998,41.369999,40.919998,41.240002,39.226147,4802764
2020-01-21,40.919998,41.220001,40.830002,41.200001,39.188103,5047330
2020-01-22,40.830002,41.470001,40.759998,41.209999,39.197609,10334157
2020-01-23,41.330002,41.340000,40.889999,41.080002,39.073959,5420550
2020-01-24,40.650002,40.730000,40.314999,40.450001,38.474724,6525690
2020-01-28,38.810001,39.180000,38.799999,39.099998,37.190647,8398945
2020-01-29,39.330002,39.500000,39.139999,39.340000,37.418930,5515382
2020-01-30,39.340000,39.410000,38.930000,39.000000,37.095528,6025682
2020-01-31,39.439999,39.540001,39.360001,39.400002,37.475998,8772557
2020-02-03,38.029999,38.590000,38.009998,38.250000,36.382156,7567864
2020-02-04,38.099998,38.380001,37.910000,38.310001,36.439228,5715608
2020-02-05,38.799999,38.950001,38.770000,38.889999,36.990902,5195122
2020-02-06,39.240002,39.540001,39.150002,39.540001,37.609161,5185349
2020-02-07,39.119999,39.189999,38.730000,38.770000,36.876762,5925188
2020-02-10,38.400002,38.459999,38.040001,38.400002,36.524834,4777689
2020-02-11,38.259998,38.619999,38.200001,38.560001,36.677017,5244924
2020-02-12,38.549999,38.549999,38.180000,38.400002,36.524834,5302573
2020-02-13,38.810001,38.990002,38.430000,38.540001,36.657997,5438297
2020-02-14,38.500000,38.720001,38.355000,38.650002,36.762623,4302483
2020-02-17,38.500000,38.639999,38.360001,38.470001,36.591415,2989506
2020-02-18,38.480000,38.959999,38.299999,38.779999,36.886272,6161636
2020-02-19,38.599998,38.680000,38.270000,38.500000,36.619946,4370732
2020-02-20,38.680000,38.860001,38.439999,38.520000,36.638969,4978990
2020-02-21,38.400002,38.490002,38.220001,38.220001,36.353622,4786928
2020-02-24,37.930000,37.970001,37.009998,37.090000,35.278801,6373151
2020-02-25,36.500000,36.599998,36.150002,36.330002,34.555916,8329190
2020-02-26,35.599998,35.889999,35.450001,35.549999,33.814003,7731665
2020-02-27,35.599998,35.919998,34.860001,35.189999,33.471581,8648208
2020-02-28,34.009998,34.150002,33.500000,33.599998,31.959227,18361546
2020-03-02,33.090000,33.480000,31.879999,33.349998,31.721432,16216489
2020-03-03,33.980000,34.470001,33.919998,33.990002,32.330181,11221076
2020-03-04,33.750000,33.959999,33.439999,33.660000,32.016296,10251517
2020-03-05,34.119999,34.150002,33.235001,33.419998,32.755333,9717976
2020-03-06,32.650002,32.900002,32.189999,32.189999,31.549797,7872600
2020-03-09,28.980000,29.930000,27.549999,27.549999,27.002079,21077361
2020-03-10,27.000000,29.250000,26.860001,29.250000,28.668270,26001454
2020-03-11,28.870001,29.549999,28.500000,28.520000,27.952787,17790051
2020-03-12,27.879999,27.900000,26.010000,26.330000,25.806343,22392212
2020-03-13,24.980000,27.340000,24.049999,26.719999,26.188585,32671060
2020-03-16,25.719999,26.780001,25.110001,25.200001,24.698818,19314436
2020-03-17,26.090000,28.540001,26.090000,28.209999,27.648952,19848297
2020-03-18,28.379999,28.920000,26.820000,27.139999,26.600233,21303555
2020-03-19,28.090000,28.549999,26.379999,27.340000,26.796257,24811301
2020-03-20,27.600000,27.940001,27.010000,27.010000,26.472820,19270020
2020-03-23,26.000000,28.049999,25.690001,27.030001,26.492422,17806553
2020-03-24,27.500000,28.565001,27.420000,28.400000,27.835175,13295042
2020-03-25,30.750000,31.299999,29.920000,31.299999,30.677498,16830896
2020-03-26,31.490000,31.719999,30.469999,30.670000,30.060028,13923124
2020-03-27,31.020000,31.190001,29.030001,29.030001,28.452646,20615688
2020-03-30,28.400000,30.200001,28.030001,30.200001,29.599377,10114063
2020-03-31,30.330000,30.480000,28.450001,28.980000,28.403639,14599950
2020-04-01,29.950001,30.629999,29.650000,30.230000,29.628778,12416279
2020-04-02,29.500000,30.059999,29.260000,29.850000,29.256336,8658031
2020-04-03,31.120001,31.350000,30.000000,30.330000,29.726789,10409253
2020-04-06,30.700001,31.795000,30.549999,31.790001,31.157755,8976989
2020-04-07,31.990000,32.290001,31.030001,31.700001,31.069544,11062662
2020-04-08,31.330000,32.250000,31.090000,31.320000,30.697100,10263144
2020-04-09,31.680000,31.790001,30.820000,31.500000,30.873522,7426090
2020-04-14,31.500000,31.770000,31.190001,31.660000,31.030338,9504615
2020-04-15,31.379999,31.660000,30.920000,31.430000,30.804913,7793168
2020-04-16,30.250000,30.900000,30.100000,30.790001,30.177643,11483132
2020-04-17,31.209999,31.590000,31.080000,31.280001,30.657898,8682554
2020-04-20,31.400000,31.780001,30.820000,30.820000,30.207045,7253240
2020-04-21,30.250000,30.629999,29.980000,30.049999,29.452358,8278880
2020-04-22,29.290001,29.440001,28.760000,28.969999,28.393837,10374968
2020-04-23,29.799999,30.070000,29.590000,29.750000,29.158325,7265982
2020-04-24,30.120001,30.580000,30.000000,30.540001,29.932615,9304143
2020-04-27,30.379999,30.629999,30.020000,30.500000,29.893410,4599305
2020-04-28,30.389999,30.924999,30.305000,30.490000,29.883608,6669047
2020-04-29,30.950001,31.150000,30.610001,31.120001,30.501080,5057865
2020-04-30,32.000000,32.430000,31.549999,32.349998,31.706615,11017212
2020-05-01,31.250000,31.309999,29.840000,29.840000,29.246536,12209660
2020-05-04,29.500000,29.980000,29.170000,29.879999,29.285740,7313890
2020-05-05,30.250000,30.690001,30.139999,30.690001,30.079632,4854908
2020-05-06,30.540001,30.570000,30.100000,30.410000,29.805199,4317932
2020-05-07,30.700001,31.040001,30.580000,31.000000,30.383465,6332297
2020-05-08,31.459999,31.629999,31.280001,31.400000,30.775509,6457067
2020-05-11,31.799999,31.930000,31.459999,31.549999,30.922525,4878086
2020-05-12,31.299999,31.379999,30.510000,30.719999,30.109034,6856236
2020-05-13,30.200001,31.139999,30.200001,31.010000,30.393267,5091112
2020-05-14,30.760000,31.129999,30.570000,30.610001,30.001223,11749452
2020-05-15,31.200001,31.680000,31.120001,31.670000,31.040140,6772104
2020-05-18,32.500000,33.200001,32.369999,33.099998,32.441700,8600053
2020-05-19,34.799999,35.110001,34.320000,35.049999,34.352917,12406853
2020-05-20,34.380001,34.880001,34.250000,34.720001,34.029484,6257008
2020-05-21,35.130001,35.139999,34.439999,34.509998,33.823654,7492516
2020-05-22,35.150002,35.150002,34.139999,34.320000,33.637436,8296898
2020-05-25,34.779999,34.820000,34.430000,34.759998,34.068684,5577869
2020-05-26,34.830002,35.500000,34.590000,35.500000,34.793968,6197301
2020-05-27,34.669998,34.820000,34.360001,34.459999,33.774651,9427144
2020-05-28,34.959999,35.490002,34.750000,35.160000,34.460732,6759175
2020-05-29,35.110001,35.259998,34.639999,34.639999,33.951073,14065460
2020-06-01,35.000000,35.709999,34.869999,35.709999,34.999790,7176664
2020-06-02,35.310001,35.669998,34.970001,35.410000,34.705757,4490619
2020-06-03,36.250000,36.480000,36.000000,36.340000,35.617264,5898262
2020-06-04,36.580002,36.720001,36.029999,36.310001,35.587860,6000320
2020-06-05,36.130001,36.490002,36.060001,36.330002,35.607464,4575956
2020-06-09,37.549999,38.000000,37.525002,37.639999,36.891407,8277392
2020-06-10,37.459999,38.090000,37.459999,37.500000,36.754192,5686277
2020-06-11,37.160000,37.380001,36.680000,36.759998,36.028908,6341387
2020-06-12,35.910000,36.200001,35.610001,35.990002,35.274223,10109870
2020-06-15,36.000000,36.220001,35.250000,35.250000,34.548939,7697095
2020-06-16,36.000000,36.450001,35.669998,36.279999,35.558453,8557776
2020-06-17,36.580002,36.599998,35.834999,36.020000,35.303627,6162259
2020-06-18,35.779999,35.910000,35.349998,35.689999,34.980186,9896767
2020-06-19,35.669998,35.939999,34.900002,35.009998,34.313713,15570869
2020-06-22,34.799999,35.680000,34.700001,35.360001,34.656754,4521819
2020-06-23,35.799999,36.040001,35.084999,35.639999,34.931183,6220520
2020-06-24,35.799999,36.000000,35.630001,35.900002,35.186016,4775299
2020-06-25,35.110001,35.630001,34.990002,35.049999,34.352917,5156386
2020-06-26,35.750000,36.075001,35.549999,36.049999,35.333031,9346346
2020-06-29,35.400002,35.514999,35.139999,35.380001,34.676357,5132341
2020-06-30,35.799999,36.150002,35.529999,35.820000,35.107605,7042499
2020-07-01,36.000000,36.070000,35.595001,35.820000,35.107605,3636873
2020-07-02,35.720001,36.119999,35.450001,36.009998,35.293823,4218463
2020-07-03,36.000000,36.389999,35.935001,36.259998,35.538853,3167481
2020-07-06,35.970001,36.119999,35.650002,35.650002,34.940987,4646941
2020-07-07,36.250000,36.380001,35.930000,36.099998,35.382034,5899800
2020-07-08,36.000000,36.549999,35.680000,35.750000,35.038998,4826397
2020-07-09,36.459999,36.750000,36.270000,36.459999,35.734875,5400654
2020-07-10,36.459999,36.500000,36.070000,36.189999,35.470245,3732602
2020-07-13,36.650002,36.980000,36.549999,36.970001,36.234734,4381950
2020-07-14,36.750000,37.080002,36.570000,37.080002,36.342548,6253127
2020-07-15,37.759998,38.000000,37.630001,38.000000,37.244247,7132502
2020-07-16,38.099998,38.119999,37.520000,37.759998,37.009018,5990141
2020-07-17,37.919998,38.139999,37.669998,37.919998,37.165836,7606521
2020-07-20,38.330002,38.639999,38.209999,38.380001,37.616692,4896257
2020-07-21,38.560001,38.840000,38.169998,38.799999,38.028336,6262194
2020-07-22,37.619999,37.845001,37.400002,37.500000,36.754192,9039072
2020-07-23,37.060001,37.360001,36.959999,37.250000,36.509163,4662272
2020-07-24,37.049999,37.380001,37.009998,37.080002,36.342548,3800471
2020-07-27,36.900002,37.610001,36.779999,37.400002,36.656181,3735961
2020-07-28,37.990002,38.544998,37.849998,38.049999,37.293251,6251854
2020-07-29,37.650002,37.680000,37.279999,37.299999,36.558170,6433865
2020-07-30,37.599998,37.830002,37.540001,37.830002,37.077629,3879189
2020-07-31,37.040001,37.349998,36.590000,36.750000,36.019108,8663313
2020-08-03,36.880001,37.389999,36.880001,37.340000,36.597374,5048603
2020-08-04,37.790001,37.980000,37.650002,37.919998,37.165836,6213365
2020-08-05,37.900002,38.080002,37.630001,37.950001,37.195244,4919191
2020-08-06,38.919998,39.820000,38.880001,39.820000,39.028049,11223861
2020-08-07,39.250000,39.560001,39.099998,39.299999,38.518391,11183627
2020-08-10,39.130001,39.910000,39.020000,39.840000,39.047653,9369878
2020-08-11,40.000000,40.520000,39.900002,40.200001,39.400494,8218650
2020-08-12,39.759998,40.000000,39.660000,39.910000,39.116261,5620195
2020-08-13,40.250000,40.250000,39.700001,39.910000,39.116261,7125336
2020-08-14,39.930000,40.270000,39.889999,40.009998,39.214272,4995083
2020-08-17,39.709999,40.369999,39.709999,39.860001,39.067257,4812285
2020-08-18,39.700001,40.099998,39.330002,39.650002,38.861435,6236221
2020-08-19,39.450001,39.625000,38.919998,39.060001,38.283169,7550977
2020-08-20,38.700001,38.939999,38.540001,38.720001,37.949928,6268436
2020-08-21,38.650002,38.880001,38.259998,38.360001,37.597088,7415179
2020-08-24,38.200001,38.660000,38.049999,38.570000,37.802910,4121590
2020-08-25,38.840000,38.869999,38.209999,38.310001,37.548084,5303151
2020-08-26,38.090000,38.169998,37.810001,38.020000,37.263851,4632299
2020-08-27,38.220001,38.580002,38.160000,38.439999,37.675495,7918688
2020-08-28,37.849998,38.049999,37.590000,37.730000,36.979618,5829743
2020-08-31,37.950001,38.119999,37.880001,37.910000,37.156036,4965584
2020-09-01,37.360001,37.720001,37.029999,37.500000,36.754192,7569188
2020-09-02,38.610001,38.959999,38.500000,38.500000,37.734303,7703076
2020-09-03,37.790001,37.889999,37.470001,37.610001,37.610001,8002504
2020-09-04,36.680000,36.700001,36.070000,36.189999,36.189999,6558318
2020-09-07,36.459999,37.110001,36.400002,37.060001,37.060001,6023571
2020-09-08,37.349998,37.560001,37.049999,37.410000,37.410000,3697538
2020-09-09,36.880001,36.990002,36.529999,36.779999,36.779999,5581823
2020-09-10,37.270000,37.360001,36.720001,36.980000,36.980000,4277349
2020-09-11,36.599998,36.680000,36.380001,36.549999,36.549999,4427129
2020-09-14,37.290001,37.549999,37.150002,37.240002,37.240002,5125425
2020-09-15,37.700001,37.840000,37.360001,37.490002,37.490002,6904333
2020-09-16,37.990002,38.369999,37.820000,38.000000,38.000000,8304609
2020-09-17,38.209999,38.250000,37.230000,37.310001,37.310001,9542908
2020-09-18,37.900002,38.180000,37.660000,37.799999,37.799999,14636337
2020-09-21,37.599998,37.680000,37.279999,37.349998,37.349998,4241710
2020-09-22,36.730000,36.830002,36.509998,36.669998,36.669998,7938967
2020-09-23,36.900002,37.340000,36.799999,37.150002,37.150002,6091479
2020-09-24,36.500000,36.990002,36.459999,36.910000,36.910000,4525077
2020-09-25,37.299999,37.799999,37.200001,37.599998,37.599998,4578900
2020-09-28,37.330002,37.380001,37.009998,37.130001,37.130001,4656647
2020-09-29,37.400002,37.410000,36.660000,36.889999,36.889999,4307324
2020-09-30,36.299999,36.500000,35.599998,35.599998,35.599998,10345662
2020-10-01,36.029999,36.720001,36.029999,36.290001,36.290001,5211041
2020-10-02,35.700001,35.779999,35.020000,35.119999,35.119999,6906942
2020-10-05,35.849998,36.150002,35.709999,36.139999,36.139999,4063085
2020-10-06,36.439999,36.439999,35.980000,36.279999,36.279999,3853902
2020-10-07,35.630001,36.150002,35.430000,35.880001,35.880001,5924832
2020-10-08,36.549999,36.919998,36.419998,36.650002,36.650002,5664822
2020-10-09,36.750000,36.840000,36.500000,36.580002,36.580002,4165394
2020-10-12,36.590000,36.709999,36.250000,36.439999,36.439999,3785514
2020-10-13,36.439999,36.549999,36.259998,36.310001,36.310001,4098286
2020-10-14,36.310001,36.459999,36.029999,36.029999,36.029999,4738335
2020-10-15,36.520000,37.330002,36.279999,36.770000,36.770000,8442320
2020-10-16,36.619999,36.680000,36.189999,36.250000,36.250000,6713806
2020-10-19,36.459999,36.669998,36.380001,36.500000,36.500000,3586501
2020-10-20,36.349998,36.380001,35.750000,35.900002,35.900002,6696825
2020-10-21,36.099998,36.220001,35.980000,36.110001,36.110001,5371046
2020-10-22,36.099998,36.480000,35.959999,36.480000,36.480000,5562580
2020-10-23,36.320000,36.360001,35.849998,36.000000,36.000000,4409420
2020-10-26,35.740002,36.000000,35.619999,35.730000,35.730000,3151132
2020-10-27,35.450001,35.459999,34.880001,34.939999,34.939999,5112189
2020-10-28,34.750000,34.910000,34.599998,34.770000,34.770000,4421198
2020-10-29,33.970001,34.180000,33.849998,34.009998,34.009998,5762178
2020-10-30,34.200001,34.299999,33.730000,33.779999,33.779999,8017237
2020-11-02,34.090000,34.110001,33.750000,33.810001,33.810001,4887603
2020-11-03,34.169998,34.900002,34.070000,34.700001,34.700001,6851860
2020-11-04,34.549999,34.720001,34.080002,34.279999,34.279999,6246206
2020-11-05,34.000000,34.290001,33.880001,34.240002,34.240002,7116140
2020-11-06,34.540001,34.840000,34.509998,34.669998,34.669998,4803598
2020-11-09,35.130001,35.980000,35.049999,35.880001,35.880001,7330707
2020-11-10,36.299999,36.529999,35.950001,36.029999,36.029999,7455868
2020-11-11,36.799999,36.919998,36.509998,36.849998,36.849998,6729405
2020-11-12,36.959999,36.959999,36.240002,36.450001,36.450001,5218287
2020-11-13,35.970001,36.130001,35.709999,35.770000,35.770000,5526657
2020-11-16,36.410000,36.509998,36.290001,36.490002,36.490002,618519
2020-11-17,36.799999,37.279999,36.779999,37.009998,37.009998,10697461
2020-11-18,36.970001,36.970001,36.509998,36.830002,36.830002,5167196
2020-11-19,36.799999,36.799999,36.330002,36.509998,36.509998,5854568
2020-11-20,36.330002,36.480000,36.139999,36.139999,36.139999,6456168
2020-11-23,36.799999,37.700001,36.730000,37.049999,37.049999,6686594
2020-11-24,37.759998,38.419998,37.639999,38.299999,38.299999,8325696
2020-11-25,39.299999,39.480000,38.884998,39.459999,39.459999,10239378
2020-11-26,39.090000,39.400002,38.939999,39.209999,39.209999,5418898
2020-11-27,38.619999,38.860001,38.549999,38.720001,38.720001,4915672
2020-11-30,38.650002,38.959999,38.020000,38.070000,38.070000,11011638
2020-12-01,38.009998,38.680000,37.720001,38.560001,38.560001,6671371
2020-12-02,38.959999,39.400002,38.930000,39.310001,39.310001,7783953
2020-12-03,40.480000,41.349998,40.439999,41.250000,41.250000,13499123
2020-12-04,41.110001,41.500000,40.950001,41.500000,41.500000,5777040
2020-12-07,42.439999,42.779999,42.150002,42.389999,42.389999,11345809
2020-12-08,42.090000,42.490002,42.000000,42.250000,42.250000,6882503
2020-12-09,42.480000,42.939999,42.459999,42.730000,42.730000,6284005
2020-12-10,42.590000,42.779999,42.480000,42.480000,42.480000,5663819
2020-12-11,43.000000,43.299999,42.810001,42.820000,42.820000,7668973
2020-12-14,42.820000,43.000000,42.625000,42.740002,42.740002,5526957
2020-12-15,42.000000,42.080002,41.529999,41.779999,41.779999,7311489
2020-12-16,42.500000,42.849998,42.410000,42.549999,42.549999,7173549
2020-12-17,42.900002,43.330002,42.730000,43.299999,43.299999,9210205
2020-12-18,43.250000,43.549999,43.150002,43.150002,43.150002,16663545