Date,Open,High,Low,Close,Adj Close,Volume
2019-12-19,139.509995,140.169998,138.695007,140.009995,136.295685,1595305
2019-12-20,140.020004,140.740005,139.320007,140.250000,136.529327,2132617
2019-12-23,139.990005,140.000000,138.699997,139.000000,135.312485,570330
2019-12-24,139.000000,139.220001,138.210007,139.220001,135.526657,263017
2019-12-27,140.000000,140.429993,139.059998,140.229996,136.509857,550316
2019-12-30,140.110001,140.190002,137.690002,139.070007,135.380646,558215
2019-12-31,137.580002,138.369995,137.509995,137.850006,134.192993,679526
2020-01-02,137.199997,138.179993,136.869995,137.529999,133.881485,324707
2020-01-03,139.750000,140.259995,138.369995,138.369995,134.699188,475051
2020-01-06,137.300003,137.850006,136.720001,137.630005,133.978836,465385
2020-01-07,139.100006,139.899994,138.580002,139.509995,135.808945,685484
2020-01-08,139.460007,139.789993,136.679993,138.500000,134.825745,819707
2020-01-09,139.619995,140.190002,138.949997,139.130005,135.439041,650919
2020-01-10,139.860001,140.690002,139.679993,140.350006,136.626678,755233
2020-01-13,139.250000,139.750000,138.690002,139.500000,135.799225,586634
2020-01-14,140.100006,141.330002,140.100006,141.130005,137.385986,739250
2020-01-15,141.500000,141.669998,140.649994,141.509995,137.755905,598295
2020-01-16,142.179993,143.479996,141.729996,143.470001,139.663895,699778
2020-01-17,144.660004,145.460007,144.139999,144.139999,140.316116,599485
2020-01-20,144.889999,145.570007,144.520004,144.979996,141.133835,541545
2020-01-21,145.020004,145.279999,143.589996,144.009995,140.189575,616415
2020-01-22,143.600006,146.639999,143.509995,145.860001,141.990494,615007
2020-01-23,146.100006,146.179993,145.000000,145.000000,141.153305,756611
2020-01-24,146.490005,146.839996,145.820007,145.860001,141.990494,576151
2020-01-28,142.899994,143.460007,141.979996,143.009995,139.216110,1065153
2020-01-29,143.550003,144.619995,143.169998,144.600006,140.763931,950470
2020-01-30,144.240005,145.970001,143.960007,145.720001,141.854218,1164079
2020-01-31,146.000000,146.050003,144.770004,144.770004,140.929413,2035680
2020-02-03,142.000000,142.000000,140.425003,141.850006,138.086884,1079923
2020-02-04,142.149994,143.190002,142.014999,143.039993,139.245300,534519
2020-02-05,144.990005,145.110001,144.070007,144.669998,140.832062,711975
2020-02-06,145.100006,146.720001,145.100006,146.720001,142.827682,721965
2020-02-07,146.720001,146.960007,145.589996,146.960007,143.061325,757347
2020-02-10,147.369995,147.550003,145.929993,146.339996,142.457764,607588
2020-02-11,145.000000,145.990005,144.669998,145.529999,141.669250,697260
2020-02-12,148.089996,148.899994,147.419998,148.259995,144.326813,1097617
2020-02-13,148.199997,149.479996,147.740005,149.309998,145.348969,780771
2020-02-14,148.729996,149.300003,148.509995,148.580002,144.638351,700135
2020-02-17,148.000000,149.070007,147.729996,148.720001,144.774628,382244
2020-02-18,148.610001,149.279999,148.190002,149.139999,145.183487,491199
2020-02-19,148.750000,150.820007,148.570007,150.779999,146.779968,593559
2020-02-20,151.460007,152.350006,150.380005,151.770004,147.743713,762828
2020-02-21,150.990005,151.750000,150.710007,151.339996,147.325119,687465
2020-02-24,149.169998,149.279999,145.470001,145.690002,141.825012,1047587
2020-02-25,141.610001,145.600006,141.009995,144.750000,140.909943,1269473
2020-02-26,142.639999,142.990005,140.770004,141.289993,137.541718,1272973
2020-02-27,140.029999,141.550003,139.000000,139.419998,135.721329,1344408
2020-02-28,135.000000,136.710007,133.720001,134.830002,131.253113,3936105
2020-03-02,132.850006,134.750000,130.500000,134.000000,130.445129,1893205
2020-03-03,138.009995,139.000000,135.960007,135.960007,132.353149,1269326
2020-03-04,134.899994,135.389999,132.940002,132.940002,129.413254,1487104
2020-03-05,136.000000,137.559998,135.729996,137.529999,133.881485,1342351
2020-03-06,135.190002,135.940002,131.720001,131.929993,128.430038,1205177
2020-03-09,120.000000,125.120003,118.709999,121.500000,118.276741,2438466
2020-03-10,115.830002,126.550003,115.669998,126.550003,123.192772,2376949
2020-03-11,127.849998,128.929993,120.900002,120.900002,117.692657,1729888
2020-03-12,116.599998,120.669998,111.779999,111.779999,108.814606,2695345
2020-03-13,103.389999,116.480003,99.620003,116.480003,113.389923,3617201
2020-03-16,110.500000,110.500000,102.500000,102.500000,99.780785,2686369
2020-03-17,98.279999,106.199997,96.769997,104.489998,101.717995,3250118
2020-03-18,104.639999,105.000000,89.300003,91.050003,88.634544,3678861
2020-03-19,91.150002,94.760002,77.349998,79.300003,77.196266,5097253
2020-03-20,85.000000,93.300003,81.949997,85.059998,82.803452,3261091
2020-03-23,79.000000,79.110001,70.449997,72.019997,70.109390,3894390
2020-03-24,74.480003,79.900002,72.589996,79.900002,77.780342,3063123
2020-03-25,90.000000,90.489998,80.800003,84.519997,82.277779,3522488
2020-03-26,86.000000,86.750000,83.339996,85.150002,82.891068,2571100
2020-03-27,89.500000,90.000000,80.000000,80.010002,77.887428,4053955
2020-03-30,80.070000,85.739998,80.059998,85.650002,83.377808,2767649
2020-03-31,91.400002,91.970001,85.080002,85.750000,83.475143,2756293
2020-04-01,88.900002,90.500000,87.300003,89.339996,86.969910,1731573
2020-04-02,86.500000,88.970001,84.029999,88.059998,85.723862,1727981
2020-04-03,89.000000,91.580002,82.730003,84.300003,82.063622,2089398
2020-04-06,85.559998,92.099998,85.500000,92.000000,89.559341,1553767
2020-04-07,95.099998,96.900002,90.419998,92.449997,89.997398,1652130
2020-04-08,89.699997,95.699997,88.129997,92.889999,90.425735,2098452
2020-04-09,96.000000,99.500000,95.169998,99.500000,96.860382,1706318
2020-04-14,99.599998,102.000000,96.849998,101.809998,99.109093,2214582
2020-04-15,102.860001,105.230003,100.040001,100.959999,98.281647,1937178
2020-04-16,98.320000,100.019997,97.120003,99.000000,96.373634,2289965
2020-04-17,101.800003,103.650002,100.019997,100.410004,97.746239,1727282
2020-04-20,100.400002,103.199997,100.099998,100.169998,97.512604,1444536
2020-04-21,99.879997,100.989998,98.099998,98.400002,95.789566,1262996
2020-04-22,97.480003,98.540001,95.220001,97.900002,95.302826,1530439
2020-04-23,98.900002,99.059998,95.699997,96.959999,94.387756,1458678
2020-04-24,95.669998,96.660004,95.010002,95.010002,92.489494,2468855
2020-04-27,95.250000,99.199997,94.839996,99.000000,96.373634,1285151
2020-04-28,99.199997,100.489998,96.870003,97.739998,95.147064,1117808
2020-04-29,98.010002,100.099998,98.000000,100.099998,97.444458,875837
2020-04-30,102.940002,103.720001,101.099998,102.660004,99.936546,2025411
2020-05-01,100.980003,100.980003,96.919998,96.919998,94.348824,1602078
2020-05-04,96.000000,97.860001,93.620003,97.230003,94.650597,2114362
2020-05-05,98.029999,100.580002,98.029999,100.239998,97.580742,1340239
2020-05-06,100.199997,100.389999,98.430000,99.449997,96.811699,868205
2020-05-07,98.900002,100.540001,97.910004,99.550003,96.909050,934125
2020-05-08,98.550003,106.199997,98.000000,105.190002,102.399429,2234281
2020-05-11,106.889999,112.449997,106.699997,111.540001,108.580963,2261961
2020-05-12,109.300003,110.059998,106.400002,107.010002,104.171143,1871019
2020-05-13,104.410004,106.480003,102.099998,106.389999,103.567596,1992208
2020-05-14,103.199997,105.440002,103.099998,103.160004,100.423286,1515164
2020-05-15,105.209999,106.330002,104.309998,105.080002,102.292351,1301349
2020-05-18,102.279999,103.779999,101.550003,102.199997,101.222664,2015816
2020-05-19,104.209999,106.309998,103.900002,105.809998,104.798149,2367653
2020-05-20,103.879997,105.059998,102.660004,104.660004,103.659149,1225640
2020-05-21,106.169998,106.639999,103.959999,103.959999,102.965836,1133071
2020-05-22,104.000000,105.000000,102.449997,102.620003,101.638657,1055429
2020-05-25,103.510002,106.169998,103.500000,106.169998,105.154701,1534646
2020-05-26,106.309998,108.709999,105.750000,108.709999,107.670418,1580257
2020-05-27,108.449997,113.449997,107.029999,110.949997,109.888992,2494714
2020-05-28,113.839996,115.220001,112.169998,112.709999,111.632164,1658096
2020-05-29,111.059998,111.870003,109.839996,109.970001,108.918365,2737262
2020-06-01,108.809998,111.089996,107.190002,110.489998,109.433395,1092962
2020-06-02,111.800003,113.669998,111.010002,113.309998,112.226425,1264081
2020-06-03,114.470001,116.430000,114.330002,116.099998,114.989746,1397108
2020-06-04,118.010002,119.599998,115.809998,117.510002,116.386261,2200003
2020-06-05,117.500000,118.690002,117.410004,118.000000,116.871574,1244531
2020-06-09,120.930000,124.830002,120.900002,124.400002,123.210373,1956523
2020-06-10,121.480003,124.129997,121.480003,124.000000,122.814201,1090024
2020-06-11,121.180000,122.080002,118.449997,118.449997,117.317268,1470362
2020-06-12,112.269997,116.209999,111.250000,115.599998,114.494530,1948813
2020-06-15,115.290001,117.410004,113.239998,113.239998,112.157097,1361862
2020-06-16,117.279999,121.169998,116.849998,120.339996,119.189194,1768485
2020-06-17,120.989998,121.209999,118.430000,121.000000,119.842888,1164359
2020-06-18,120.330002,121.099998,118.269997,119.779999,118.634552,1785339
2020-06-19,121.029999,122.599998,119.970001,121.529999,120.367821,2293760
2020-06-22,119.639999,121.379997,118.879997,120.610001,119.456619,834941
2020-06-23,121.349998,122.849998,119.080002,121.570000,120.407440,1212319
2020-06-24,121.570000,122.750000,121.260002,121.589996,120.427238,808509
2020-06-25,119.000000,120.589996,117.190002,117.190002,116.069328,1708052
2020-06-26,118.029999,120.699997,117.580002,119.190002,118.050201,2220045
2020-06-29,115.620003,117.419998,114.500000,116.430000,115.316589,1320649
2020-06-30,118.300003,119.820000,117.889999,118.599998,117.465836,1430991
2020-07-01,118.000000,121.180000,117.660004,120.739998,119.585373,1333577
2020-07-02,120.519997,122.300003,119.599998,121.959999,120.793709,1129629
2020-07-03,122.750000,123.160004,120.349998,122.019997,120.853134,717602
2020-07-06,122.000000,124.669998,121.500000,123.820000,122.635918,1018346
2020-07-07,124.300003,124.970001,122.580002,122.800003,121.625679,890740
2020-07-08,121.500000,122.800003,121.029999,121.629997,120.466858,905725
2020-07-09,122.500000,123.099998,121.430000,121.669998,120.506477,702422
2020-07-10,120.550003,121.589996,118.910004,119.800003,118.654366,946080
2020-07-13,122.120003,123.309998,121.000000,122.150002,120.981895,942430
2020-07-14,120.510002,122.599998,120.449997,121.500000,120.338104,667696
2020-07-15,122.000000,124.169998,122.000000,123.809998,122.626015,989161
2020-07-16,124.889999,125.000000,123.809998,124.739998,123.547119,1123100
2020-07-17,124.839996,125.980003,124.239998,125.180000,123.982918,1608669
2020-07-20,125.260002,125.620003,124.059998,124.379997,123.190559,714938
2020-07-21,125.070000,128.630005,124.750000,127.839996,126.617477,944136
2020-07-22,127.000000,128.139999,126.510002,126.800003,125.587425,629243
2020-07-23,126.599998,127.599998,125.800003,126.610001,125.399239,617437
2020-07-24,125.680000,126.300003,124.849998,125.790001,124.587082,502055
2020-07-27,125.010002,126.970001,124.900002,126.599998,125.389336,548495
2020-07-28,126.629997,127.830002,124.180000,124.570000,123.378746,974796
2020-07-29,124.599998,125.970001,124.400002,124.980003,123.784828,766657
2020-07-30,125.820000,127.919998,125.220001,126.000000,124.795074,1047505
2020-07-31,124.010002,125.000000,122.550003,123.489998,122.309074,1392431
2020-08-03,122.379997,123.389999,121.264999,121.989998,120.823418,844380
2020-08-04,123.800003,125.879997,123.629997,125.239998,124.042336,1164358
2020-08-05,123.599998,125.080002,123.589996,124.440002,123.249992,664199
2020-08-06,124.919998,126.269997,124.209999,124.919998,123.725403,646390
2020-08-07,123.510002,125.165001,123.510002,124.680000,123.487694,601947
2020-08-10,125.629997,127.379997,125.260002,126.419998,125.211052,927756
2020-08-11,126.529999,127.989998,126.209999,126.209999,125.003067,805370
2020-08-12,127.419998,128.250000,126.000000,126.930000,125.716179,609336
2020-08-13,127.160004,127.879997,125.480003,125.760002,124.557373,929906
2020-08-14,125.680000,126.959999,125.580002,126.180000,124.973351,606630
2020-08-17,125.379997,127.260002,125.250000,126.690002,125.478477,952005
2020-08-18,126.769997,128.095001,126.019997,127.620003,126.399582,871853
2020-08-19,127.099998,129.240005,127.050003,128.080002,126.855186,741576
2020-08-20,127.250000,129.729996,127.129997,129.500000,128.261597,965027
2020-08-21,129.899994,130.240005,127.309998,127.430000,126.211395,1764535
2020-08-24,127.370003,128.494995,127.050003,127.730003,126.508530,613791
2020-08-25,129.289993,130.990005,128.660004,128.960007,127.726776,913538
2020-08-26,128.500000,129.639999,127.629997,129.339996,128.103134,603414
2020-08-27,129.339996,130.330002,128.820007,128.910004,127.677246,823974
2020-08-28,128.800003,129.839996,127.720001,128.240005,127.013657,661877
2020-08-31,128.000000,129.410004,127.699997,127.699997,126.478813,688587
2020-09-01,127.180000,127.690002,124.019997,125.639999,124.438515,1133328
2020-09-02,125.169998,127.970001,125.000000,127.699997,126.478813,863947
2020-09-03,129.199997,131.750000,128.559998,130.199997,128.954910,1234849
2020-09-04,127.669998,127.900002,125.769997,126.199997,124.993156,806346
2020-09-07,125.500000,127.559998,124.309998,126.760002,125.547806,584994
2020-09-08,127.739998,128.899994,127.279999,128.139999,126.914612,683382
2020-09-09,125.500000,126.930000,125.010002,126.000000,124.795074,768182
2020-09-10,127.879997,128.449997,126.559998,127.389999,126.171783,661728
2020-09-11,126.750000,127.750000,125.860001,126.099998,124.894119,646091
2020-09-14,120.000000,121.800003,118.870003,120.199997,119.050537,1811497
2020-09-15,120.389999,120.855003,118.360001,118.690002,117.554977,1659786
2020-09-16,119.500000,120.190002,118.900002,119.620003,118.476089,1465970
2020-09-17,119.480003,120.349998,119.110001,119.629997,118.485985,1013690
2020-09-18,120.349998,123.209999,120.260002,122.559998,121.387970,2814032
2020-09-21,122.459999,122.519997,120.529999,121.139999,119.981552,878835
2020-09-22,120.260002,120.610001,119.349998,120.000000,118.852448,832862
2020-09-23,121.349998,122.690002,120.550003,122.230003,121.061127,918834
2020-09-24,120.680000,121.930000,119.650002,121.730003,120.565910,904651
2020-09-25,122.129997,123.000000,121.180000,121.669998,120.506477,761341
2020-09-28,121.790001,123.040001,121.139999,121.680000,120.516388,523584
2020-09-29,122.300003,124.410004,121.959999,122.419998,121.249306,726182
2020-09-30,121.180000,121.930000,119.570000,119.570000,118.426559,1046507
2020-10-01,119.830002,121.349998,119.830002,120.410004,119.258537,544689
2020-10-02,119.699997,120.910004,118.680000,119.099998,117.961060,752734
2020-10-05,120.510002,122.650002,120.510002,122.650002,121.477112,508417
2020-10-06,123.019997,123.400002,121.830002,123.400002,122.219940,569462
2020-10-07,123.449997,127.250000,122.989998,126.919998,125.706276,888346
2020-10-08,127.989998,130.300003,127.800003,129.429993,128.192261,832842
2020-10-09,129.889999,130.729996,129.330002,129.770004,128.529022,481818
2020-10-12,129.000000,129.880005,128.360001,129.610001,128.370544,490579
2020-10-13,131.050003,131.850006,130.669998,130.970001,129.717545,651011
2020-10-14,130.199997,131.600006,130.199997,131.179993,129.925537,610001
2020-10-15,131.770004,133.130005,131.259995,132.570007,131.302246,712218
2020-10-16,132.750000,134.869995,132.679993,134.339996,133.055313,1222363
2020-10-19,134.589996,136.740005,134.500000,136.039993,134.739059,670923
2020-10-20,135.500000,137.479996,134.300003,134.800003,133.510925,627028
2020-10-21,134.520004,136.399994,134.449997,136.130005,134.828201,648061
2020-10-22,134.800003,136.529999,134.740005,136.080002,134.778687,907129
2020-10-23,136.759995,137.339996,136.179993,136.179993,134.877716,977932
2020-10-26,135.779999,136.699997,135.250000,136.449997,135.145142,834918
2020-10-27,134.949997,136.279999,134.649994,135.169998,133.877380,506679
2020-10-28,133.600006,133.940002,131.229996,131.550003,130.292007,859125
2020-10-29,127.540001,128.789993,126.750000,127.839996,126.617477,1106700
2020-10-30,127.629997,128.789993,126.750000,126.750000,125.537903,905075
2020-11-02,126.320000,127.769997,125.559998,127.370003,126.151978,757529
2020-11-03,128.100006,131.949997,128.000000,130.830002,129.578888,863423
2020-11-04,131.110001,134.559998,130.449997,132.869995,131.599365,788080
2020-11-05,132.320007,133.529999,131.309998,132.449997,131.183395,871820
2020-11-06,133.000000,136.449997,132.610001,135.449997,134.154694,1057587
2020-11-09,135.449997,136.880005,133.960007,136.440002,135.135239,1095285
2020-11-10,140.000000,143.979996,138.380005,139.179993,137.849030,1485566
2020-11-11,139.860001,143.000000,139.860001,142.039993,140.681671,1043947
2020-11-12,142.979996,143.369995,140.250000,141.020004,139.671448,856484
2020-11-13,140.000000,142.059998,139.750000,141.169998,139.820007,810186
2020-11-16,141.100006,141.479996,140.000000,140.429993,140.429993,492426
2020-11-17,140.880005,141.289993,139.419998,139.679993,139.679993,1271055
2020-11-18,139.100006,140.039993,138.059998,139.179993,139.179993,957523
2020-11-19,138.229996,138.820007,137.470001,138.009995,138.009995,1096888
2020-11-20,137.000000,137.710007,136.179993,136.669998,136.669998,1616572
2020-11-23,136.869995,141.309998,136.869995,139.699997,139.699997,669995
2020-11-24,137.210007,140.210007,137.210007,139.610001,139.610001,787813
2020-11-25,139.779999,141.725006,139.639999,141.039993,141.039993,853338
2020-11-26,140.229996,140.500000,137.929993,138.270004,138.270004,1083694
2020-11-27,137.779999,138.690002,136.949997,137.490005,137.490005,588000
2020-11-30,138.509995,140.690002,137.830002,138.669998,138.669998,2141175
2020-12-01,138.050003,142.139999,138.050003,140.190002,140.190002,1041883
2020-12-02,139.490005,140.050003,137.009995,138.339996,138.339996,1021513
2020-12-03,137.690002,139.080002,137.339996,138.600006,138.600006,732974
2020-12-04,139.550003,142.479996,139.240005,141.820007,141.820007,982591
2020-12-07,142.250000,142.539993,139.539993,140.949997,140.949997,610117
2020-12-08,140.000000,141.419998,140.000000,141.029999,141.029999,646056
2020-12-09,141.460007,141.460007,139.699997,139.770004,139.770004,609625
2020-12-10,141.220001,141.460007,139.029999,139.149994,139.149994,922934
2020-12-11,138.199997,138.899994,137.580002,138.080002,138.080002,617112
2020-12-14,138.500000,139.750000,137.729996,137.800003,137.800003,468111
2020-12-15,137.839996,138.250000,137.139999,137.529999,137.529999,513104
2020-12-16,139.009995,139.679993,138.210007,138.419998,138.419998,654168
2020-12-17,139.410004,141.580002,139.110001,141.580002,141.580002,1102187
2020-12-18,141.789993,141.789993,137.850006,137.960007,137.960007,1888978