Date,Open,High,Low,Close,Adj Close,Volume
2019-12-19,3.880000,3.910000,3.860000,3.880000,3.767580,21360664
2019-12-20,3.920000,3.930000,3.880000,3.900000,3.787000,25964233
2019-12-23,3.900000,3.920000,3.860000,3.900000,3.787000,8719447
2019-12-24,3.890000,3.910000,3.860000,3.910000,3.796710,3432813
2019-12-27,3.910000,3.930000,3.870000,3.930000,3.816131,6039753
2019-12-30,3.930000,3.940000,3.880000,3.900000,3.787000,8356689
2019-12-31,3.860000,3.890000,3.830000,3.830000,3.719028,9596179
2020-01-02,3.830000,3.880000,3.830000,3.850000,3.738449,3950213
2020-01-03,3.910000,3.915000,3.860000,3.880000,3.767580,6196830
2020-01-06,3.880000,3.900000,3.850000,3.890000,3.777290,6265042
2020-01-07,3.930000,3.950000,3.880000,3.940000,3.825841,11183574
2020-01-08,3.930000,3.960000,3.915000,3.940000,3.825841,11880028
2020-01-09,3.980000,3.980000,3.925000,3.940000,3.825841,7683261
2020-01-10,3.960000,4.000000,3.940000,3.980000,3.864682,13821379
2020-01-13,3.980000,3.990000,3.950000,3.970000,3.854972,7535458
2020-01-14,4.000000,4.000000,3.970000,3.980000,3.864682,11567082
2020-01-15,4.020000,4.030000,3.950000,3.980000,3.864682,18935464
2020-01-16,4.010000,4.040000,3.990000,4.040000,3.922944,12747154
2020-01-17,4.070000,4.085000,4.030000,4.030000,3.913234,11544032
2020-01-20,4.040000,4.050000,3.970000,3.990000,3.874392,7941027
2020-01-21,3.940000,3.960000,3.920000,3.940000,3.825841,10750875
2020-01-22,3.940000,3.950000,3.910000,3.920000,3.806421,19590832
2020-01-23,3.900000,3.945000,3.890000,3.920000,3.806421,26862242
2020-01-24,3.920000,3.940000,3.910000,3.920000,3.806421,12396326
2020-01-28,3.870000,3.890000,3.830000,3.830000,3.719028,18047255
2020-01-29,3.890000,3.910000,3.860000,3.900000,3.787000,10455038
2020-01-30,3.900000,3.920000,3.890000,3.920000,3.806421,17045999
2020-01-31,3.890000,3.910000,3.850000,3.860000,3.748159,19800024
2020-02-03,3.850000,3.880000,3.820000,3.830000,3.719028,8528968
2020-02-04,3.830000,3.830000,3.800000,3.810000,3.699608,16962727
2020-02-05,3.840000,3.870000,3.820000,3.820000,3.709318,15441776
2020-02-06,3.840000,3.850000,3.810000,3.820000,3.709318,11543973
2020-02-07,3.830000,3.850000,3.810000,3.850000,3.738449,26615747
2020-02-10,3.880000,3.900000,3.860000,3.860000,3.748159,14432198
2020-02-11,3.910000,3.930000,3.870000,3.880000,3.767580,21518361
2020-02-12,3.890000,3.930000,3.870000,3.900000,3.787000,13610257
2020-02-13,3.830000,3.830000,3.740000,3.790000,3.790000,15485038
2020-02-14,3.800000,3.800000,3.750000,3.770000,3.770000,17237384
2020-02-17,3.780000,3.800000,3.770000,3.780000,3.780000,4133985
2020-02-18,3.690000,3.730000,3.630000,3.720000,3.720000,29099975
2020-02-19,3.670000,3.715000,3.660000,3.700000,3.700000,11076052
2020-02-20,3.720000,3.740000,3.690000,3.730000,3.730000,11811978
2020-02-21,3.710000,3.790000,3.710000,3.750000,3.750000,15954964
2020-02-24,3.710000,3.730000,3.670000,3.680000,3.680000,13126394
2020-02-25,3.630000,3.650000,3.600000,3.610000,3.610000,19417038
2020-02-26,3.550000,3.600000,3.540000,3.580000,3.580000,20612074
2020-02-27,3.530000,3.560000,3.530000,3.550000,3.550000,17311072
2020-02-28,3.460000,3.480000,3.410000,3.460000,3.460000,35540295
2020-03-02,3.370000,3.420000,3.340000,3.380000,3.380000,16753986
2020-03-03,3.380000,3.470000,3.380000,3.430000,3.430000,21790197
2020-03-04,3.370000,3.390000,3.320000,3.330000,3.330000,27394879
2020-03-05,3.370000,3.440000,3.370000,3.410000,3.410000,22949954
2020-03-06,3.340000,3.370000,3.260000,3.260000,3.260000,21933738
2020-03-09,3.150000,3.210000,3.030000,3.030000,3.030000,29269778
2020-03-10,2.910000,3.040000,2.910000,3.040000,3.040000,31828698
2020-03-11,2.990000,3.050000,2.940000,2.940000,2.940000,30010042
2020-03-12,2.890000,2.920000,2.700000,2.700000,2.700000,35973867
2020-03-13,2.510000,2.605000,2.385000,2.600000,2.600000,46983145
2020-03-16,2.430000,2.510000,2.330000,2.330000,2.330000,35808597
2020-03-17,2.270000,2.320000,2.080000,2.150000,2.150000,56129207
2020-03-18,2.100000,2.150000,1.800000,1.800000,1.800000,57442686
2020-03-19,1.820000,1.875000,1.360000,1.500000,1.500000,65558879
2020-03-20,1.780000,1.920000,1.610000,1.615000,1.615000,75121983
2020-03-23,1.410000,1.525000,1.350000,1.495000,1.495000,41143502
2020-03-24,1.545000,1.625000,1.370000,1.430000,1.430000,30780025
2020-03-25,1.540000,1.715000,1.535000,1.710000,1.710000,41554114
2020-03-26,1.840000,1.840000,1.625000,1.725000,1.725000,38416335
2020-03-27,1.750000,1.750000,1.510000,1.510000,1.510000,34910633
2020-03-30,1.510000,1.520000,1.385000,1.475000,1.475000,53711700
2020-03-31,1.520000,1.650000,1.500000,1.565000,1.565000,56953009
2020-04-01,1.700000,1.785000,1.680000,1.760000,1.760000,36508948
2020-04-02,1.680000,1.715000,1.600000,1.705000,1.705000,26864679
2020-04-03,1.710000,1.710000,1.585000,1.610000,1.610000,31708239
2020-04-06,1.625000,1.700000,1.580000,1.685000,1.685000,20583687
2020-04-07,1.740000,1.880000,1.702000,1.750000,1.750000,33816311
2020-04-08,1.735000,1.970000,1.650000,1.880000,1.880000,38103964
2020-04-09,1.950000,2.080000,1.910000,2.080000,2.080000,38459627
2020-04-14,2.080000,2.100000,1.940000,2.070000,2.070000,33546635
2020-04-15,2.110000,2.160000,2.030000,2.130000,2.130000,30912286
2020-04-16,2.060000,2.090000,1.950000,2.060000,2.060000,40453287
2020-04-17,2.180000,2.310000,2.110000,2.150000,2.150000,43161446
2020-04-20,2.160000,2.190000,2.110000,2.150000,2.150000,23121241
2020-04-21,2.150000,2.180000,2.075000,2.100000,2.100000,39625385
2020-04-22,2.040000,2.100000,2.000000,2.080000,2.080000,29970631
2020-04-23,2.070000,2.095000,1.975000,2.010000,2.010000,26828432
2020-04-24,2.020000,2.050000,1.960000,2.010000,2.010000,22548209
2020-04-27,2.020000,2.160000,2.020000,2.090000,2.090000,17475852
2020-04-28,2.140000,2.200000,2.050000,2.110000,2.110000,27362585
2020-04-29,2.100000,2.190000,2.080000,2.190000,2.190000,26005655
2020-04-30,2.230000,2.355000,2.180000,2.330000,2.330000,42493398
2020-05-01,2.250000,2.260000,2.090000,2.100000,2.100000,33385018
2020-05-04,2.060000,2.110000,2.030000,2.110000,2.110000,15172999
2020-05-05,2.120000,2.220000,2.120000,2.180000,2.180000,21955024
2020-05-06,2.160000,2.170000,2.090000,2.130000,2.130000,12397329
2020-05-07,2.100000,2.130000,2.070000,2.120000,2.120000,14132592
2020-05-08,2.150000,2.220000,2.110000,2.200000,2.200000,27333864
2020-05-11,2.260000,2.320000,2.250000,2.280000,2.280000,26166179
2020-05-12,2.200000,2.210000,2.140000,2.200000,2.200000,26493596
2020-05-13,2.130000,2.170000,2.080000,2.120000,2.120000,25765832
2020-05-14,2.060000,2.080000,2.005000,2.020000,2.020000,33419119
2020-05-15,2.060000,2.080000,1.990000,2.030000,2.030000,45221369
2020-05-18,2.020000,2.130000,2.020000,2.080000,2.080000,29115860
2020-05-19,2.220000,2.270000,2.190000,2.240000,2.240000,36162277
2020-05-20,2.200000,2.270000,2.180000,2.260000,2.260000,19160651
2020-05-21,2.280000,2.290000,2.195000,2.270000,2.270000,24154846
2020-05-22,2.290000,2.330000,2.240000,2.240000,2.240000,15928495
2020-05-25,2.290000,2.320000,2.230000,2.320000,2.320000,27950299
2020-05-26,2.320000,2.460000,2.310000,2.450000,2.450000,24700915
2020-05-27,2.480000,2.540000,2.370000,2.470000,2.470000,34335205
2020-05-28,2.510000,2.530000,2.360000,2.380000,2.380000,38893580
2020-05-29,2.360000,2.370000,2.230000,2.230000,2.230000,70052048
2020-06-01,2.150000,2.220000,2.140000,2.190000,2.190000,37635449
2020-06-02,2.190000,2.330000,2.160000,2.310000,2.310000,41773968
2020-06-03,2.360000,2.430000,2.360000,2.420000,2.420000,25275634
2020-06-04,2.490000,2.530000,2.445000,2.480000,2.480000,34293508
2020-06-05,2.480000,2.530000,2.450000,2.510000,2.510000,23638705
2020-06-09,2.620000,2.770000,2.620000,2.730000,2.730000,40958967
2020-06-10,2.680000,2.680000,2.600000,2.610000,2.610000,31100797
2020-06-11,2.500000,2.530000,2.400000,2.400000,2.400000,47637973
2020-06-12,2.300000,2.340000,2.200000,2.290000,2.290000,49052296
2020-06-15,2.310000,2.350000,2.190000,2.200000,2.200000,28070965
2020-06-16,2.320000,2.360000,2.270000,2.310000,2.310000,36582358
2020-06-17,2.330000,2.380000,2.250000,2.380000,2.380000,30210954
2020-06-18,2.360000,2.380000,2.290000,2.320000,2.320000,31891066
2020-06-19,2.330000,2.350000,2.210000,2.210000,2.210000,74185489
2020-06-22,2.190000,2.245000,2.170000,2.190000,2.190000,23197981
2020-06-23,2.200000,2.270000,2.150000,2.260000,2.260000,27496075
2020-06-24,2.260000,2.300000,2.230000,2.260000,2.260000,23274754
2020-06-25,2.180000,2.190000,2.100000,2.120000,2.120000,26839964
2020-06-26,2.170000,2.230000,2.140000,2.190000,2.190000,28237662
2020-06-29,2.130000,2.170000,2.090000,2.150000,2.150000,23908285
2020-06-30,2.220000,2.250000,2.140000,2.170000,2.170000,35217834
2020-07-01,2.170000,2.300000,2.150000,2.280000,2.280000,21354949
2020-07-02,2.290000,2.370000,2.260000,2.320000,2.320000,18043267
2020-07-03,2.360000,2.360000,2.230000,2.250000,2.250000,15439851
2020-07-06,2.240000,2.305000,2.220000,2.250000,2.250000,11022506
2020-07-07,2.280000,2.320000,2.080000,2.150000,2.150000,24120518
2020-07-08,2.130000,2.180000,2.110000,2.120000,2.120000,24963092
2020-07-09,2.130000,2.160000,2.120000,2.120000,2.120000,13642355
2020-07-10,2.110000,2.150000,2.090000,2.120000,2.120000,12209617
2020-07-13,2.170000,2.220000,2.120000,2.160000,2.160000,16174527
2020-07-14,2.130000,2.200000,2.120000,2.150000,2.150000,12656416
2020-07-15,2.150000,2.200000,2.140000,2.160000,2.160000,16035440
2020-07-16,2.200000,2.210000,2.120000,2.140000,2.140000,15382125
2020-07-17,2.160000,2.160000,2.110000,2.140000,2.140000,7231953
2020-07-20,2.140000,2.140000,2.085000,2.100000,2.100000,11942491
2020-07-21,2.120000,2.170000,2.095000,2.170000,2.170000,14510017
2020-07-22,2.140000,2.180000,2.090000,2.090000,2.090000,13127937
2020-07-23,2.110000,2.180000,2.105000,2.170000,2.170000,12165171
2020-07-24,2.140000,2.140000,2.090000,2.110000,2.110000,8909906
2020-07-27,2.100000,2.140000,2.090000,2.140000,2.140000,9283063
2020-07-28,2.150000,2.150000,2.080000,2.090000,2.090000,19182186
2020-07-29,2.110000,2.120000,2.080000,2.090000,2.090000,13375237
2020-07-30,2.090000,2.095000,2.000000,2.020000,2.020000,32975467
2020-07-31,2.010000,2.045000,1.975000,2.040000,2.040000,21204244
2020-08-03,1.990000,2.030000,1.902000,1.925000,1.925000,31210817
2020-08-04,1.950000,2.030000,1.945000,2.020000,2.020000,24205701
2020-08-05,2.020000,2.080000,1.955000,1.965000,1.965000,25429724
2020-08-06,1.960000,1.972500,1.880000,1.920000,1.920000,49083694
2020-08-07,1.910000,1.930000,1.905000,1.920000,1.920000,16168336
2020-08-10,1.945000,1.995000,1.940000,1.985000,1.985000,19645956
2020-08-11,1.985000,2.090000,1.975000,2.080000,2.080000,19484485
2020-08-12,2.100000,2.120000,2.070000,2.120000,2.120000,19558831
2020-08-13,2.140000,2.140000,2.080000,2.130000,2.130000,20958379
2020-08-14,2.100000,2.100000,2.065000,2.080000,2.080000,16466490
2020-08-17,2.070000,2.100000,2.040000,2.090000,2.090000,19888467
2020-08-18,2.060000,2.090000,2.050000,2.090000,2.090000,18433906
2020-08-19,2.060000,2.075000,1.990000,1.990000,1.990000,22239513
2020-08-20,2.000000,2.020000,1.975000,1.990000,1.990000,24413852
2020-08-21,2.010000,2.060000,2.000000,2.060000,2.060000,14678974
2020-08-24,2.050000,2.075000,2.000000,2.020000,2.020000,23342640
2020-08-25,2.110000,2.160000,2.080000,2.110000,2.110000,30801382
2020-08-26,2.100000,2.110000,2.020000,2.090000,2.090000,20909592
2020-08-27,2.050000,2.070000,2.035000,2.060000,2.060000,21566549
2020-08-28,2.030000,2.140000,2.030000,2.140000,2.140000,37528312
2020-08-31,2.140000,2.260000,2.140000,2.260000,2.260000,62287500
2020-09-01,2.200000,2.250000,2.180000,2.220000,2.220000,43708044
2020-09-02,2.230000,2.240000,2.190000,2.240000,2.240000,22369196
2020-09-03,2.250000,2.310000,2.230000,2.270000,2.270000,27304070
2020-09-04,2.190000,2.210000,2.160000,2.180000,2.180000,20465582
2020-09-07,2.150000,2.190000,2.120000,2.180000,2.180000,16055733
2020-09-08,2.230000,2.280000,2.210000,2.270000,2.270000,24612654
2020-09-09,2.220000,2.240000,2.180000,2.180000,2.180000,29103872
2020-09-10,2.210000,2.215000,2.115000,2.140000,2.140000,30944739
2020-09-11,2.100000,2.125000,2.080000,2.100000,2.100000,16520062
2020-09-14,2.120000,2.130000,2.090000,2.100000,2.100000,15211844
2020-09-15,2.130000,2.220000,2.110000,2.210000,2.210000,24032089
2020-09-16,2.230000,2.280000,2.210000,2.270000,2.270000,28375708
2020-09-17,2.350000,2.360000,2.300000,2.320000,2.320000,40783491
2020-09-18,2.310000,2.310000,2.250000,2.270000,2.270000,46158861
2020-09-21,2.220000,2.240000,2.170000,2.200000,2.200000,21090226
2020-09-22,2.150000,2.160000,2.110000,2.130000,2.130000,34549675
2020-09-23,2.150000,2.180000,2.130000,2.180000,2.180000,17878343
2020-09-24,2.130000,2.200000,2.110000,2.180000,2.180000,23600158
2020-09-25,2.190000,2.220000,2.170000,2.200000,2.200000,15705614
2020-09-28,2.210000,2.270000,2.190000,2.260000,2.260000,11174270
2020-09-29,2.280000,2.315000,2.270000,2.280000,2.280000,20545721
2020-09-30,2.240000,2.250000,2.190000,2.200000,2.200000,25822109
2020-10-01,2.190000,2.280000,2.180000,2.260000,2.260000,20392965
2020-10-02,2.230000,2.270000,2.190000,2.210000,2.210000,13469473
2020-10-05,2.250000,2.335000,2.250000,2.300000,2.300000,10244490
2020-10-06,2.300000,2.320000,2.240000,2.300000,2.300000,13532655
2020-10-07,2.290000,2.320000,2.270000,2.310000,2.310000,12033728
2020-10-08,2.300000,2.320000,2.260000,2.310000,2.310000,15087041
2020-10-09,2.320000,2.330000,2.280000,2.300000,2.300000,15316127
2020-10-12,2.290000,2.330000,2.270000,2.320000,2.320000,14420885
2020-10-13,2.340000,2.350000,2.310000,2.340000,2.340000,14939832
2020-10-14,2.310000,2.320000,2.260000,2.260000,2.260000,10506805
2020-10-15,2.270000,2.300000,2.240000,2.290000,2.290000,18337411
2020-10-16,2.280000,2.290000,2.205000,2.210000,2.210000,25018439
2020-10-19,2.240000,2.270000,2.220000,2.260000,2.260000,12212131
2020-10-20,2.230000,2.250000,2.220000,2.230000,2.230000,14572733
2020-10-21,2.240000,2.310000,2.225000,2.300000,2.300000,24810942
2020-10-22,2.250000,2.270000,2.210000,2.230000,2.230000,19553546
2020-10-23,2.230000,2.270000,2.210000,2.270000,2.270000,15677722
2020-10-26,2.250000,2.300000,2.240000,2.260000,2.260000,27034592
2020-10-27,2.230000,2.230000,2.200000,2.210000,2.210000,18687924
2020-10-28,2.170000,2.200000,2.140000,2.190000,2.190000,25394977
2020-10-29,2.160000,2.170000,2.120000,2.160000,2.160000,15173233
2020-10-30,2.150000,2.175000,2.100000,2.100000,2.100000,18843249
2020-11-02,2.120000,2.170000,2.110000,2.150000,2.150000,9966017
2020-11-03,2.170000,2.280000,2.170000,2.280000,2.280000,21631487
2020-11-04,2.280000,2.350000,2.270000,2.330000,2.330000,21868024
2020-11-05,2.380000,2.400000,2.345000,2.380000,2.380000,26267408
2020-11-06,2.400000,2.410000,2.345000,2.400000,2.400000,18168703
2020-11-09,2.410000,2.440000,2.400000,2.410000,2.410000,13539983
2020-11-10,2.750000,3.130000,2.695000,2.760000,2.760000,49981850
2020-11-11,2.770000,2.820000,2.730000,2.760000,2.760000,29110597
2020-11-12,2.760000,2.760000,2.660000,2.680000,2.680000,16877702
2020-11-13,2.610000,2.670000,2.600000,2.640000,2.640000,19677627
2020-11-16,2.680000,2.720000,2.680000,2.715000,2.715000,927291
2020-11-17,2.780000,2.860000,2.770000,2.840000,2.840000,35523970
2020-11-18,2.860000,2.860000,2.780000,2.840000,2.840000,27010438
2020-11-19,2.760000,2.800000,2.750000,2.780000,2.780000,17730547
2020-11-20,2.800000,2.830000,2.770000,2.780000,2.780000,13908240
2020-11-23,2.810000,2.810000,2.760000,2.770000,2.770000,6497769
2020-11-24,2.780000,2.840000,2.740000,2.830000,2.830000,15316883
2020-11-25,2.850000,2.945000,2.850000,2.930000,2.930000,31410433
2020-11-26,2.930000,2.950000,2.870000,2.880000,2.880000,10663883
2020-11-27,2.860000,2.910000,2.850000,2.880000,2.880000,8147196
2020-11-30,2.900000,2.915000,2.790000,2.800000,2.800000,31540385
2020-12-01,2.810000,2.850000,2.790000,2.840000,2.840000,20517107
2020-12-02,2.870000,2.880000,2.800000,2.850000,2.850000,16058667
2020-12-03,2.840000,2.900000,2.840000,2.870000,2.870000,14685445
2020-12-04,2.910000,2.940000,2.860000,2.900000,2.900000,17778623
2020-12-07,2.940000,2.960000,2.900000,2.940000,2.940000,16374855
2020-12-08,2.940000,2.970000,2.920000,2.940000,2.940000,17681328
2020-12-09,2.950000,2.960000,2.870000,2.880000,2.880000,16967701
2020-12-10,2.850000,2.860000,2.820000,2.820000,2.820000,30017532
2020-12-11,2.790000,2.810000,2.760000,2.770000,2.770000,19065032
2020-12-14,2.780000,2.800000,2.760000,2.790000,2.790000,10318106
2020-12-15,2.790000,2.840000,2.785000,2.810000,2.810000,7514541
2020-12-16,2.850000,2.870000,2.830000,2.840000,2.840000,9414523
2020-12-17,2.840000,2.850000,2.750000,2.780000,2.780000,18442087
2020-12-18,2.780000,2.790000,2.700000,2.710000,2.710000,28090566