Date,Open,High,Low,Close,Adj Close,Volume
2019-12-19,15.500000,15.670000,15.480000,15.560000,15.082589,13980104
2019-12-20,15.640000,15.680000,15.530000,15.590000,15.111670,8697101
2019-12-23,15.640000,15.670000,15.480000,15.480000,15.005043,3330775
2019-12-24,15.400000,15.580000,15.390000,15.580000,15.101975,1550179
2019-12-27,15.700000,15.700000,15.500000,15.610000,15.131055,1955559
2019-12-30,15.290000,15.290000,15.080000,15.200000,15.032160,3692391
2019-12-31,15.100000,15.110000,14.835000,14.910000,14.745362,5690851
2020-01-02,14.810000,14.940000,14.805000,14.900000,14.735472,1980386
2020-01-03,15.240000,15.250000,14.910000,14.930000,14.765141,2748615
2020-01-06,14.740000,14.930000,14.710000,14.870000,14.705804,4507162
2020-01-07,15.120000,15.140000,14.950000,15.100000,14.933265,5012604
2020-01-08,15.120000,15.180000,14.960000,15.180000,15.012381,6392860
2020-01-09,15.280000,15.480000,15.220000,15.340000,15.170614,5985613
2020-01-10,15.400000,15.520000,15.370000,15.410000,15.239841,4222209
2020-01-13,15.380000,15.540000,15.370000,15.490000,15.318957,3182180
2020-01-14,15.550000,15.665000,15.540000,15.630000,15.457412,3146371
2020-01-15,15.690000,15.780000,15.660000,15.730000,15.556307,3474640
2020-01-16,15.840000,15.840000,15.590000,15.630000,15.457412,4207412
2020-01-17,15.750000,15.800000,15.645000,15.770000,15.595866,2659118
2020-01-20,15.800000,15.820000,15.700000,15.720000,15.546418,3170367
2020-01-21,15.690000,15.750000,15.590000,15.750000,15.576087,3912479
2020-01-22,15.760000,15.915000,15.760000,15.850000,15.674983,4822772
2020-01-23,15.920000,15.920000,15.670000,15.790000,15.615644,3591686
2020-01-24,15.910000,15.955000,15.835000,15.890000,15.714541,3756080
2020-01-28,15.900000,15.950000,15.800000,15.930000,15.754099,4896440
2020-01-29,16.000000,16.090000,15.870000,15.960000,15.783768,11011739
2020-01-30,15.950000,15.950000,15.730000,15.760000,15.585977,6193525
2020-01-31,15.640000,15.755000,15.500000,15.700000,15.526639,6742897
2020-02-03,15.500000,15.840000,15.500000,15.760000,15.585977,4701440
2020-02-04,15.830000,15.950000,15.780000,15.930000,15.754099,5891036
2020-02-05,15.930000,16.120001,15.930000,16.010000,15.833216,3778423
2020-02-06,16.059999,16.080000,15.940000,16.020000,15.843105,4431148
2020-02-07,16.059999,16.100000,15.970000,16.070000,15.892553,6448826
2020-02-10,16.150000,16.215000,16.059999,16.100000,15.922222,3744810
2020-02-11,16.270000,16.379999,16.180000,16.330000,16.149683,5093130
2020-02-12,16.299999,16.360001,16.020000,16.040001,15.862885,4872653
2020-02-13,16.110001,16.219999,16.070000,16.180000,16.001339,6069323
2020-02-14,16.379999,16.410000,16.190001,16.370001,16.189241,7622162
2020-02-17,16.350000,16.360001,16.100000,16.180000,16.001339,1951487
2020-02-18,16.170000,16.200001,16.080000,16.160000,15.981559,3488343
2020-02-19,16.330000,16.370001,16.240000,16.340000,16.159573,2336815
2020-02-20,16.420000,16.440001,16.260000,16.260000,16.080456,3787238
2020-02-21,16.299999,16.410000,16.240000,16.260000,16.080456,2470014
2020-02-24,16.180000,16.200001,16.030001,16.070000,15.892553,3129754
2020-02-25,15.750000,15.920000,15.600000,15.770000,15.595866,4690958
2020-02-26,15.560000,15.580000,15.330000,15.410000,15.239841,4727867
2020-02-27,15.260000,15.450000,15.140000,15.280000,15.111277,5289904
2020-02-28,14.820000,15.150000,14.720000,14.850000,14.686025,11112354
2020-03-02,14.690000,15.000000,14.630000,14.940000,14.775030,5564796
2020-03-03,15.000000,15.190000,14.930000,15.110000,14.943153,6003478
2020-03-04,14.960000,15.420000,14.920000,15.320000,15.150834,6477816
2020-03-05,15.640000,15.700000,15.220000,15.320000,15.150834,7872052
2020-03-06,15.320000,15.440000,15.110000,15.110000,14.943153,5556110
2020-03-09,14.990000,15.070000,14.540000,14.660000,14.498122,7537847
2020-03-10,14.200000,15.060000,14.100000,14.550000,14.389338,14662243
2020-03-11,14.360000,14.550000,14.080000,14.090000,13.934417,8316940
2020-03-12,13.670000,13.920000,12.640000,12.640000,12.500428,14477116
2020-03-13,11.650000,13.020000,10.780000,13.020000,12.876232,24639420
2020-03-16,11.600000,12.240000,10.900000,10.900000,10.779640,21517808
2020-03-17,10.850000,11.150000,10.260000,10.810000,10.690635,21283890
2020-03-18,10.820000,11.100000,10.010000,10.350000,10.235715,16128005
2020-03-19,10.280000,10.590000,9.620000,10.040000,9.929137,16154976
2020-03-20,10.000000,10.720000,9.920000,10.500000,10.384058,17457541
2020-03-23,9.350000,10.510000,9.100000,10.230000,10.117039,22842843
2020-03-24,10.230000,11.180000,9.930000,11.180000,11.056549,15148715
2020-03-25,12.000000,12.430000,11.620000,12.430000,12.292747,14303845
2020-03-26,12.000000,12.780000,12.000000,12.760000,12.619102,13485016
2020-03-27,12.800000,12.900000,11.690000,11.840000,11.709262,13411457
2020-03-30,11.550000,12.150000,11.490000,12.150000,12.015838,10750269
2020-03-31,12.450000,12.720000,11.600000,12.040000,11.907053,17462084
2020-04-01,11.350000,12.270000,11.230000,12.250000,12.114734,14212322
2020-04-02,11.600000,11.970000,11.550000,11.850000,11.719151,13746342
2020-04-03,11.760000,11.870000,11.060000,11.100000,10.977433,8548641
2020-04-06,11.100000,11.370000,11.050000,11.160000,11.036770,13696100
2020-04-07,11.550000,11.600000,10.955000,11.160000,11.036770,12758254
2020-04-08,10.900000,11.390000,10.730000,11.050000,10.927985,12152862
2020-04-09,11.490000,12.420000,11.410000,12.280000,12.144403,11596579
2020-04-14,12.060000,12.910000,12.060000,12.910000,12.767447,13327548
2020-04-15,13.060000,13.280000,12.690000,12.880000,12.737778,8415952
2020-04-16,12.400000,12.680000,12.260000,12.350000,12.213631,11718709
2020-04-17,12.770000,13.430000,12.740000,13.180000,13.034465,7829430
2020-04-20,13.050000,13.300000,12.950000,13.000000,12.856453,7486023
2020-04-21,12.740000,12.920000,12.350000,12.460000,12.322415,11640809
2020-04-22,12.240000,12.600000,12.220000,12.510000,12.371863,6029177
2020-04-23,12.640000,12.680000,12.340000,12.590000,12.450980,6586284
2020-04-24,12.390000,12.590000,12.320000,12.440000,12.302635,7214644
2020-04-27,12.460000,12.995000,12.450000,12.900000,12.757556,3632402
2020-04-28,13.280000,13.370000,12.760000,13.020000,12.876232,6829506
2020-04-29,12.870000,13.150000,12.740000,13.150000,13.004796,6833229
2020-04-30,13.470000,14.010000,13.350000,13.800000,13.647619,10108310
2020-05-01,13.500000,13.550000,13.260000,13.260000,13.113582,6849295
2020-05-04,12.980000,13.700000,12.890000,13.630000,13.479496,5718772
2020-05-05,13.800000,13.890000,13.600000,13.800000,13.647619,5764919
2020-05-06,13.760000,13.790000,13.425000,13.600000,13.449827,24737618
2020-05-07,13.400000,13.600000,13.350000,13.420000,13.271815,6767828
2020-05-08,13.500000,13.650000,13.390000,13.600000,13.449827,5729473
2020-05-11,13.800000,13.890000,13.730000,13.800000,13.647619,7429677
2020-05-12,13.610000,13.740000,13.480000,13.650000,13.499274,5993226
2020-05-13,13.510000,13.820000,13.440000,13.820000,13.667397,4817392
2020-05-14,13.750000,13.940000,13.570000,13.640000,13.489386,6559311
2020-05-15,13.580000,13.670000,13.470000,13.600000,13.449827,4972011
2020-05-18,13.550000,13.790000,13.490000,13.660000,13.509165,3192064
2020-05-19,14.050000,14.050000,13.725000,13.820000,13.667397,4401826
2020-05-20,13.660000,14.180000,13.660000,14.100000,13.944306,3855248
2020-05-21,14.260000,14.360000,14.100000,14.150000,13.993753,6487798
2020-05-22,14.100000,14.240000,14.080000,14.160000,14.003643,3453808
2020-05-25,14.460000,14.800000,14.420000,14.640000,14.478344,4966309
2020-05-26,14.750000,15.000000,14.680000,14.740000,14.577239,7651859
2020-05-27,14.540000,14.620000,14.265000,14.340000,14.181656,7151788
2020-05-28,14.450000,14.730000,14.450000,14.570000,14.409116,9909128
2020-05-29,14.500000,14.670000,14.290000,14.290000,14.132208,16751188
2020-06-01,14.170000,14.470000,14.150000,14.390000,14.231104,5928273
2020-06-02,14.350000,14.820000,14.350000,14.620000,14.458564,6461885
2020-06-03,14.690000,14.960000,14.690000,14.950000,14.784920,5097119
2020-06-04,15.050000,15.150000,14.770000,14.880000,14.715693,7163116
2020-06-05,14.950000,15.040000,14.650000,14.680000,14.517902,5857214
2020-06-09,15.200000,15.280000,14.790000,14.890000,14.725583,6305176
2020-06-10,14.800000,15.020000,14.800000,14.830000,14.666245,4731258
2020-06-11,14.450000,14.770000,14.390000,14.480000,14.320109,5251574
2020-06-12,14.290000,14.310000,13.980000,14.190000,14.033312,5777160
2020-06-15,14.080000,14.400000,14.080000,14.150000,13.993753,6352957
2020-06-16,14.600000,14.600000,14.260000,14.430000,14.270662,5664345
2020-06-17,14.560000,14.890000,14.540000,14.760000,14.597018,8024541
2020-06-18,14.830000,14.875000,14.530000,14.700000,14.537681,8409040
2020-06-19,15.000000,15.260000,14.850000,15.160000,14.992601,15233334
2020-06-22,14.850000,14.900000,14.490000,14.540000,14.379448,4351826
2020-06-23,14.600000,14.860000,14.470000,14.790000,14.626687,4503468
2020-06-24,14.800000,14.820000,14.260000,14.300000,14.142097,8440300
2020-06-25,14.310000,14.370000,13.960000,14.310000,14.151988,8634474
2020-06-26,14.310000,14.530000,14.250000,14.490000,14.330000,7128811
2020-06-29,14.060000,14.100000,13.670000,13.750000,13.750000,5741860
2020-06-30,14.080000,14.280000,13.800000,14.130000,14.130000,15246787
2020-07-01,14.080000,14.390000,14.030000,14.300000,14.300000,3421209
2020-07-02,14.600000,14.620000,14.270000,14.540000,14.540000,3342389
2020-07-03,14.850000,14.975000,14.500000,14.620000,14.620000,3683978
2020-07-06,14.600000,14.630000,14.240000,14.270000,14.270000,4684012
2020-07-07,14.170000,14.450000,14.100000,14.210000,14.210000,5248275
2020-07-08,14.130000,14.190000,13.665000,13.670000,13.670000,5931046
2020-07-09,13.800000,13.900000,13.690000,13.730000,13.730000,4325732
2020-07-10,13.660000,13.780000,13.480000,13.570000,13.570000,4098581
2020-07-13,13.750000,13.810000,13.500000,13.670000,13.670000,4137360
2020-07-14,13.750000,13.790000,13.345000,13.440000,13.440000,7755044
2020-07-15,13.410000,13.845000,13.410000,13.700000,13.700000,6315957
2020-07-16,13.890000,13.890000,13.530000,13.710000,13.710000,5171336
2020-07-17,13.750000,13.940000,13.680000,13.940000,13.940000,5384356
2020-07-20,13.900000,13.910000,13.570000,13.640000,13.640000,3433291
2020-07-21,13.690000,14.120000,13.650000,14.110000,14.110000,5244892
2020-07-22,14.100000,14.110000,13.690000,13.780000,13.780000,4412058
2020-07-23,13.790000,13.950000,13.750000,13.860000,13.860000,4343719
2020-07-24,13.840000,13.860000,13.630000,13.700000,13.700000,3530790
2020-07-27,13.630000,13.970000,13.630000,13.930000,13.930000,5608084
2020-07-28,14.100000,14.280000,13.970000,14.030000,14.030000,4620229
2020-07-29,14.050000,14.340000,14.005000,14.230000,14.230000,5354307
2020-07-30,14.310000,14.370000,14.040000,14.090000,14.090000,3702648
2020-07-31,14.020000,14.070000,13.620000,13.810000,13.810000,6821291
2020-08-03,13.730000,13.930000,13.540000,13.930000,13.930000,4857021
2020-08-04,14.150000,14.185000,13.895000,14.010000,14.010000,7161449
2020-08-05,13.950000,14.050000,13.710000,13.810000,13.810000,3813027
2020-08-06,13.660000,13.850000,13.625000,13.770000,13.770000,3316445
2020-08-07,13.650000,13.760000,13.610000,13.680000,13.680000,2610953
2020-08-10,13.830000,14.130000,13.750000,14.020000,14.020000,8331903
2020-08-11,13.900000,14.090000,13.810000,13.930000,13.930000,5563969
2020-08-12,13.990000,14.040000,13.650000,13.780000,13.780000,5546468
2020-08-13,13.790000,13.790000,13.330000,13.530000,13.530000,7109992
2020-08-14,13.550000,13.940000,13.530000,13.770000,13.770000,4393503
2020-08-17,13.500000,13.580000,13.350000,13.390000,13.390000,5921378
2020-08-18,13.400000,13.650000,13.320000,13.610000,13.610000,5465655
2020-08-19,13.520000,13.730000,13.500000,13.590000,13.590000,3379570
2020-08-20,13.410000,13.430000,13.160000,13.360000,13.360000,5214190
2020-08-21,13.500000,13.710000,13.440000,13.660000,13.660000,5431751
2020-08-24,13.600000,13.740000,13.580000,13.700000,13.700000,3597421
2020-08-25,13.840000,13.840000,13.590000,13.810000,13.810000,4694862
2020-08-26,13.600000,13.670000,13.360000,13.480000,13.480000,5687934
2020-08-27,13.400000,13.560000,13.390000,13.460000,13.460000,5939460
2020-08-28,13.330000,13.420000,13.195000,13.300000,13.300000,6007668
2020-08-31,13.230000,13.525000,13.230000,13.460000,13.460000,4712798
2020-09-01,13.250000,13.360000,13.080000,13.290000,13.290000,5280967
2020-09-02,13.450000,13.930000,13.400000,13.860000,13.860000,5429744
2020-09-03,14.130000,14.340000,13.970000,14.310000,14.310000,7830865
2020-09-04,14.050000,14.350000,13.980000,14.140000,14.140000,8601931
2020-09-07,14.000000,14.035000,13.610000,13.740000,13.740000,6613641
2020-09-08,13.940000,14.120000,13.850000,13.970000,13.970000,4967989
2020-09-09,13.750000,13.780000,13.520000,13.740000,13.740000,6201854
2020-09-10,13.760000,13.970000,13.645000,13.790000,13.790000,4214215
2020-09-11,13.580000,13.920000,13.555000,13.830000,13.830000,4189984
2020-09-14,13.940000,14.175000,13.860000,14.100000,14.100000,3800725
2020-09-15,14.120000,14.255000,13.960000,14.220000,14.220000,8865288
2020-09-16,14.350000,14.510000,14.230000,14.510000,14.510000,7389936
2020-09-17,14.330000,14.380000,14.200000,14.310000,14.310000,7880654
2020-09-18,14.350000,14.465000,13.850000,13.860000,13.860000,14191224
2020-09-21,13.790000,13.870000,13.650000,13.740000,13.740000,4708045
2020-09-22,13.730000,13.870000,13.700000,13.760000,13.760000,5404828
2020-09-23,13.860000,14.440000,13.840000,14.440000,14.440000,7915611
2020-09-24,14.220000,14.740000,14.210000,14.720000,14.720000,4764451
2020-09-25,14.700000,15.020000,14.610000,15.020000,15.020000,11485569
2020-09-28,14.930000,15.000000,14.565000,14.640000,14.640000,4037222
2020-09-29,14.750000,14.750000,14.530000,14.590000,14.590000,3903363
2020-09-30,14.360000,14.500000,14.070000,14.110000,14.110000,11324677
2020-10-01,14.020000,14.480000,14.020000,14.210000,14.210000,6415871
2020-10-02,14.180000,14.270000,14.000000,14.100000,14.100000,4255044
2020-10-05,14.430000,14.480000,14.200000,14.220000,14.220000,3176999
2020-10-06,14.220000,14.280000,14.030000,14.280000,14.280000,3544949
2020-10-07,14.280000,14.380000,14.130000,14.150000,14.150000,4395785
2020-10-08,14.080000,14.180000,13.910000,14.010000,14.010000,6783295
2020-10-09,13.900000,14.010000,13.855000,13.970000,13.970000,4332139
2020-10-12,13.870000,13.930000,13.815000,13.930000,13.930000,3370137
2020-10-13,14.000000,14.150000,13.940000,14.000000,14.000000,6955011
2020-10-14,13.900000,13.990000,13.820000,13.930000,13.930000,3969237
2020-10-15,14.000000,14.210000,13.920000,14.080000,14.080000,5528553
2020-10-16,14.040000,14.040000,13.650000,13.700000,13.700000,5518029
2020-10-19,13.770000,13.990000,13.770000,13.880000,13.880000,3067229
2020-10-20,13.770000,14.060000,13.760000,13.910000,13.910000,4108758
2020-10-21,13.950000,14.060000,13.900000,13.950000,13.950000,3315613
2020-10-22,13.760000,14.040000,13.520000,14.000000,14.000000,5301741
2020-10-23,14.010000,14.080000,13.830000,13.990000,13.990000,4432623
2020-10-26,13.990000,14.170000,13.850000,13.850000,13.850000,4856359
2020-10-27,13.800000,13.995000,13.710000,13.750000,13.750000,3724935
2020-10-28,13.750000,13.870000,13.650000,13.790000,13.790000,4509893
2020-10-29,13.730000,13.730000,13.520000,13.570000,13.570000,4610498
2020-10-30,13.560000,13.560000,13.280000,13.460000,13.460000,8366455
2020-11-02,13.410000,13.470000,13.270000,13.270000,13.270000,3622642
2020-11-03,13.390000,13.600000,13.360000,13.530000,13.530000,5849367
2020-11-04,13.600000,13.910000,13.560000,13.780000,13.780000,2770288
2020-11-05,13.960000,14.110000,13.890000,13.950000,13.950000,4702440
2020-11-06,14.030000,14.155000,13.890000,14.140000,14.140000,4125595
2020-11-09,14.200000,14.440000,14.170000,14.430000,14.430000,5554326
2020-11-10,14.950000,15.340000,14.870000,14.960000,14.960000,8539382
2020-11-11,15.300000,15.635000,15.270000,15.570000,15.570000,8172202
2020-11-12,15.460000,15.560000,15.195000,15.400000,15.400000,6688819
2020-11-13,15.380000,15.430000,15.170000,15.260000,15.260000,5395742
2020-11-16,15.090000,15.240000,15.020000,15.080000,15.080000,95909
2020-11-17,15.000000,15.030000,14.680000,14.800000,14.800000,9447586
2020-11-18,14.960000,15.100000,14.810000,15.030000,15.030000,6384487
2020-11-19,15.200000,15.300000,14.890000,15.010000,15.010000,6864671
2020-11-20,14.950000,15.050000,14.880000,14.970000,14.970000,4152619
2020-11-23,15.080000,15.080000,14.760000,14.770000,14.770000,3221738
2020-11-24,14.740000,14.830000,14.580000,14.650000,14.650000,4036002
2020-11-25,14.790000,14.880000,14.420000,14.450000,14.450000,5989380
2020-11-26,14.580000,14.600000,14.220000,14.240000,14.240000,3906061
2020-11-27,14.300000,14.390000,14.130000,14.160000,14.160000,4241833
2020-11-30,14.210000,14.420000,14.020000,14.020000,14.020000,21033701
2020-12-01,14.020000,14.220000,13.880000,14.010000,14.010000,12186824
2020-12-02,14.030000,14.120000,13.865000,14.030000,14.030000,5331574
2020-12-03,13.920000,14.060000,13.820000,13.860000,13.860000,4875957
2020-12-04,14.000000,14.040000,13.890000,13.890000,13.890000,3362418
2020-12-07,14.080000,14.090000,13.870000,13.870000,13.870000,3986213
2020-12-08,14.100000,14.160000,13.970000,13.970000,13.970000,6520416
2020-12-09,13.990000,14.090000,13.910000,14.000000,14.000000,4628667
2020-12-10,14.050000,14.060000,13.800000,13.830000,13.830000,4994374
2020-12-11,13.660000,13.755000,13.530000,13.640000,13.640000,8556874
2020-12-14,13.720000,13.920000,13.705000,13.750000,13.750000,3881348
2020-12-15,13.790000,14.010000,13.770000,13.900000,13.900000,9437558
2020-12-16,14.000000,14.170000,13.880000,14.100000,14.100000,4232140
2020-12-17,14.190000,14.270000,13.940000,14.270000,14.270000,8139828
2020-12-18,14.450000,14.450000,14.050000,14.150000,14.150000,10138940