Date,Open,High,Low,Close,Adj Close,Volume
2019-12-19,3.720000,3.725000,3.670000,3.690000,3.623375,36369787
2019-12-20,3.680000,3.715000,3.670000,3.680000,3.613556,30920793
2019-12-23,3.680000,3.690000,3.670000,3.670000,3.603736,6415195
2019-12-24,3.660000,3.685000,3.640000,3.650000,3.584097,5587762
2019-12-27,3.640000,3.670000,3.630000,3.660000,3.593917,9479945
2019-12-30,3.660000,3.670000,3.640000,3.640000,3.574278,10388203
2019-12-31,3.620000,3.640000,3.540000,3.540000,3.476083,15074295
2020-01-02,3.560000,3.610000,3.550000,3.580000,3.515361,19130237
2020-01-03,3.610000,3.620000,3.580000,3.590000,3.525181,14735849
2020-01-06,3.580000,3.635000,3.550000,3.620000,3.554639,17087753
2020-01-07,3.650000,3.710000,3.630000,3.710000,3.643014,18373972
2020-01-08,3.710000,3.765000,3.680000,3.740000,3.672472,23126364
2020-01-09,3.780000,3.800000,3.770000,3.800000,3.731389,19301264
2020-01-10,3.800000,3.860000,3.780000,3.850000,3.780486,21117643
2020-01-13,3.820000,3.850000,3.810000,3.840000,3.770666,9790620
2020-01-14,3.830000,3.840000,3.795000,3.830000,3.760847,13588595
2020-01-15,3.840000,3.840000,3.800000,3.840000,3.770666,13730509
2020-01-16,3.870000,3.890000,3.840000,3.880000,3.809944,16222161
2020-01-17,3.880000,3.910000,3.850000,3.900000,3.829583,31908221
2020-01-20,3.900000,3.900000,3.870000,3.870000,3.800125,18794535
2020-01-21,3.860000,3.870000,3.840000,3.870000,3.800125,12261380
2020-01-22,3.880000,3.900000,3.865000,3.890000,3.819764,15583734
2020-01-23,3.890000,3.900000,3.860000,3.900000,3.829583,15695354
2020-01-24,3.910000,3.910000,3.880000,3.880000,3.809944,13542886
2020-01-28,3.820000,3.900000,3.810000,3.860000,3.790305,24046494
2020-01-29,3.890000,3.910000,3.850000,3.850000,3.780486,16159382
2020-01-30,3.850000,3.870000,3.830000,3.860000,3.790305,23652126
2020-01-31,3.880000,3.900000,3.840000,3.840000,3.770666,27385959
2020-02-03,3.790000,3.850000,3.780000,3.830000,3.760847,15478039
2020-02-04,3.820000,3.850000,3.810000,3.820000,3.751028,12197306
2020-02-05,3.840000,3.870000,3.790000,3.800000,3.731389,27367806
2020-02-06,3.810000,3.860000,3.805000,3.830000,3.760847,29888727
2020-02-07,3.830000,3.850000,3.760000,3.790000,3.721569,40780777
2020-02-10,3.790000,3.845000,3.780000,3.820000,3.751028,18240458
2020-02-11,3.860000,3.915000,3.850000,3.890000,3.819764,33635168
2020-02-12,3.870000,3.885000,3.810000,3.820000,3.751028,29916592
2020-02-13,3.840000,3.940000,3.700000,3.760000,3.692111,51965767
2020-02-14,3.780000,3.800000,3.765000,3.770000,3.701931,25176746
2020-02-17,3.770000,3.770000,3.710000,3.720000,3.652833,24022094
2020-02-18,3.720000,3.745000,3.710000,3.730000,3.662653,20018249
2020-02-19,3.730000,3.750000,3.710000,3.750000,3.682292,28491354
2020-02-20,3.760000,3.810000,3.740000,3.790000,3.721569,20184025
2020-02-21,3.800000,3.800000,3.730000,3.740000,3.672472,18702465
2020-02-24,3.720000,3.740000,3.690000,3.710000,3.643014,25202934
2020-02-25,3.650000,3.650000,3.580000,3.600000,3.535000,56897295
2020-02-26,3.460000,3.520000,3.430000,3.500000,3.465686,34970669
2020-02-27,3.460000,3.485000,3.420000,3.440000,3.406275,44918366
2020-02-28,3.370000,3.490000,3.310000,3.430000,3.396373,75936879
2020-03-02,3.360000,3.465000,3.350000,3.430000,3.396373,48079509
2020-03-03,3.480000,3.545000,3.470000,3.500000,3.465686,44664452
2020-03-04,3.470000,3.500000,3.460000,3.480000,3.445882,28370136
2020-03-05,3.540000,3.590000,3.530000,3.550000,3.515196,31099903
2020-03-06,3.490000,3.570000,3.480000,3.550000,3.515196,36487996
2020-03-09,3.470000,3.530000,3.420000,3.480000,3.445882,55244565
2020-03-10,3.350000,3.500000,3.340000,3.500000,3.465686,66111731
2020-03-11,3.460000,3.480000,3.400000,3.400000,3.366667,47709725
2020-03-12,3.350000,3.370000,3.110000,3.120000,3.089411,90743079
2020-03-13,2.950000,3.330000,2.900000,3.320000,3.287451,103537877
2020-03-16,3.050000,3.460000,3.050000,3.380000,3.346863,92517707
2020-03-17,3.320000,3.570000,3.300000,3.470000,3.435980,69825293
2020-03-18,3.400000,3.440000,3.140000,3.180000,3.148823,79875678
2020-03-19,3.230000,3.300000,3.160000,3.270000,3.237941,62488885
2020-03-20,3.220000,3.300000,3.065000,3.070000,3.039902,65255805
2020-03-23,2.910000,3.170000,2.870000,3.090000,3.059706,64653328
2020-03-24,3.100000,3.160000,3.050000,3.160000,3.129019,55617429
2020-03-25,3.240000,3.240000,3.070000,3.160000,3.129019,50508430
2020-03-26,3.160000,3.220000,3.100000,3.160000,3.129019,33357849
2020-03-27,3.200000,3.240000,3.040000,3.040000,3.010196,48840262
2020-03-30,3.010000,3.250000,3.010000,3.250000,3.218137,35604185
2020-03-31,3.260000,3.300000,3.030000,3.070000,3.039902,53719209
2020-04-01,3.130000,3.200000,3.115000,3.200000,3.168628,32537289
2020-04-02,3.080000,3.200000,3.070000,3.160000,3.129019,50462406
2020-04-03,3.160000,3.190000,3.070000,3.110000,3.079509,43835979
2020-04-06,3.110000,3.200000,3.110000,3.200000,3.168628,31159406
2020-04-07,3.250000,3.250000,3.100000,3.130000,3.099314,42234261
2020-04-08,3.090000,3.170000,3.080000,3.100000,3.069608,40862244
2020-04-09,3.140000,3.160000,3.090000,3.140000,3.109216,25200285
2020-04-14,3.130000,3.160000,3.110000,3.160000,3.129019,43353616
2020-04-15,3.160000,3.170000,3.110000,3.120000,3.089411,21349688
2020-04-16,3.080000,3.150000,3.080000,3.150000,3.119118,36616286
2020-04-17,3.180000,3.190000,3.150000,3.160000,3.129019,26381612
2020-04-20,3.140000,3.170000,3.090000,3.090000,3.059706,22914130
2020-04-21,3.080000,3.100000,3.030000,3.040000,3.010196,26250128
2020-04-22,3.020000,3.050000,3.010000,3.030000,3.000294,27830132
2020-04-23,3.060000,3.070000,3.010000,3.020000,2.990392,25377064
2020-04-24,3.020000,3.070000,3.020000,3.050000,3.020098,28418556
2020-04-27,3.050000,3.090000,3.030000,3.080000,3.049804,21297010
2020-04-28,3.060000,3.110000,3.050000,3.070000,3.039902,29212692
2020-04-29,3.080000,3.080000,3.030000,3.050000,3.020098,21649836
2020-04-30,3.070000,3.080000,3.040000,3.050000,3.020098,30832475
2020-05-01,3.040000,3.050000,2.990000,2.990000,2.960686,32929415
2020-05-04,2.980000,3.090000,2.965000,3.080000,3.049804,33306085
2020-05-05,3.100000,3.105000,3.050000,3.090000,3.059706,20083271
2020-05-06,3.080000,3.095000,3.050000,3.060000,3.030000,15885144
2020-05-07,3.090000,3.090000,3.040000,3.060000,3.030000,23516752
2020-05-08,3.080000,3.080000,3.030000,3.030000,3.000294,22130682
2020-05-11,3.040000,3.090000,3.020000,3.070000,3.039902,22071226
2020-05-12,3.070000,3.105000,3.050000,3.090000,3.059706,23612862
2020-05-13,3.060000,3.130000,3.060000,3.130000,3.099314,28555834
2020-05-14,3.120000,3.140000,3.080000,3.120000,3.089411,28028830
2020-05-15,3.140000,3.170000,3.120000,3.170000,3.138921,25495637
2020-05-18,3.180000,3.190000,3.110000,3.120000,3.089411,22357518
2020-05-19,3.180000,3.180000,3.110000,3.110000,3.079509,23725241
2020-05-20,3.100000,3.110000,3.080000,3.100000,3.069608,22180975
2020-05-21,3.120000,3.125000,3.080000,3.090000,3.059706,20511518
2020-05-22,3.090000,3.100000,3.050000,3.060000,3.030000,19039376
2020-05-25,3.100000,3.120000,3.090000,3.120000,3.089411,15491497
2020-05-26,3.140000,3.240000,3.120000,3.230000,3.198333,41336507
2020-05-27,3.200000,3.220000,3.150000,3.170000,3.138921,32767917
2020-05-28,3.170000,3.270000,3.170000,3.240000,3.208235,40470922
2020-05-29,3.220000,3.300000,3.210000,3.240000,3.208235,48533650
2020-06-01,3.210000,3.250000,3.200000,3.220000,3.188431,21790309
2020-06-02,3.210000,3.250000,3.205000,3.220000,3.188431,24209372
2020-06-03,3.250000,3.270000,3.230000,3.250000,3.218137,24729200
2020-06-04,3.240000,3.280000,3.230000,3.270000,3.237941,39309412
2020-06-05,3.250000,3.260000,3.210000,3.220000,3.188431,26449302
2020-06-09,3.270000,3.270000,3.230000,3.240000,3.208235,35200401
2020-06-10,3.260000,3.290000,3.250000,3.270000,3.237941,29800044
2020-06-11,3.240000,3.270000,3.195000,3.220000,3.188431,33115119
2020-06-12,3.180000,3.210000,3.160000,3.160000,3.129019,34240453
2020-06-15,3.150000,3.170000,3.110000,3.120000,3.089411,35011664
2020-06-16,3.220000,3.240000,3.170000,3.210000,3.178529,34225812
2020-06-17,3.240000,3.250000,3.190000,3.230000,3.198333,36557081
2020-06-18,3.210000,3.230000,3.160000,3.190000,3.158726,47841973
2020-06-19,3.220000,3.230000,3.190000,3.190000,3.158726,44429531
2020-06-22,3.180000,3.190000,3.170000,3.190000,3.158726,18618777
2020-06-23,3.210000,3.210000,3.160000,3.170000,3.138921,21746990
2020-06-24,3.190000,3.200000,3.160000,3.160000,3.129019,36200612
2020-06-25,3.140000,3.160000,3.110000,3.110000,3.079509,42510363
2020-06-26,3.120000,3.150000,3.110000,3.130000,3.099314,36386940
2020-06-29,3.120000,3.150000,3.110000,3.130000,3.099314,25829764
2020-06-30,3.170000,3.170000,3.130000,3.130000,3.099314,36023005
2020-07-01,3.170000,3.180000,3.140000,3.180000,3.148823,27596938
2020-07-02,3.200000,3.240000,3.190000,3.230000,3.198333,30839062
2020-07-03,3.260000,3.370000,3.260000,3.360000,3.327059,63842454
2020-07-06,3.390000,3.420000,3.360000,3.390000,3.356765,32201443
2020-07-07,3.440000,3.440000,3.360000,3.400000,3.366667,31230016
2020-07-08,3.400000,3.470000,3.390000,3.420000,3.386471,38254101
2020-07-09,3.480000,3.520000,3.440000,3.510000,3.475588,50156140
2020-07-10,3.520000,3.535000,3.470000,3.500000,3.465686,21925997
2020-07-13,3.520000,3.520000,3.445000,3.480000,3.445882,25779510
2020-07-14,3.470000,3.490000,3.440000,3.470000,3.435980,24738987
2020-07-15,3.470000,3.495000,3.430000,3.470000,3.435980,20456426
2020-07-16,3.500000,3.500000,3.445000,3.460000,3.426078,17681582
2020-07-17,3.460000,3.490000,3.420000,3.460000,3.426078,23347814
2020-07-20,3.440000,3.450000,3.390000,3.400000,3.366667,17321309
2020-07-21,3.430000,3.440000,3.350000,3.400000,3.366667,26668384
2020-07-22,3.410000,3.440000,3.380000,3.390000,3.356765,19871289
2020-07-23,3.360000,3.395000,3.340000,3.350000,3.317157,20750100
2020-07-24,3.350000,3.360000,3.320000,3.330000,3.297353,20572572
2020-07-27,3.320000,3.370000,3.320000,3.360000,3.327059,16477343
2020-07-28,3.400000,3.420000,3.360000,3.370000,3.336961,29433564
2020-07-29,3.360000,3.395000,3.355000,3.360000,3.327059,18737142
2020-07-30,3.380000,3.410000,3.360000,3.380000,3.346863,14898821
2020-07-31,3.360000,3.380000,3.320000,3.350000,3.317157,27664764
2020-08-03,3.350000,3.410000,3.325000,3.400000,3.366667,22151929
2020-08-04,3.440000,3.490000,3.440000,3.480000,3.445882,26255256
2020-08-05,3.460000,3.470000,3.380000,3.400000,3.366667,33519471
2020-08-06,3.400000,3.430000,3.380000,3.390000,3.356765,29604632
2020-08-07,3.380000,3.400000,3.360000,3.370000,3.336961,20153365
2020-08-10,3.400000,3.410000,3.360000,3.390000,3.356765,22658519
2020-08-11,3.400000,3.430000,3.380000,3.400000,3.366667,29225566
2020-08-12,3.420000,3.430000,3.380000,3.390000,3.356765,29515032
2020-08-13,3.290000,3.290000,3.110000,3.110000,3.079509,127354938
2020-08-14,3.100000,3.130000,3.040000,3.110000,3.079509,69460051
2020-08-17,3.080000,3.090000,3.050000,3.050000,3.020098,29583435
2020-08-18,3.060000,3.080000,3.030000,3.060000,3.030000,38900220
2020-08-19,3.070000,3.120000,3.070000,3.070000,3.039902,30684604
2020-08-20,3.070000,3.080000,3.020000,3.030000,3.000294,41755065
2020-08-21,3.040000,3.070000,3.030000,3.050000,3.020098,26832948
2020-08-24,3.060000,3.085000,3.050000,3.060000,3.030000,22078061
2020-08-25,3.080000,3.080000,3.050000,3.060000,3.030000,27015820
2020-08-26,2.970000,2.990000,2.955000,2.960000,2.960000,32315554
2020-08-27,2.980000,2.985000,2.950000,2.950000,2.950000,25950999
2020-08-28,2.940000,2.950000,2.900000,2.900000,2.900000,35243824
2020-08-31,2.900000,2.920000,2.880000,2.890000,2.890000,28892757
2020-09-01,2.880000,2.885000,2.830000,2.830000,2.830000,45626354
2020-09-02,2.850000,2.930000,2.850000,2.900000,2.900000,32179511
2020-09-03,2.930000,2.940000,2.890000,2.900000,2.900000,29222452
2020-09-04,2.850000,2.870000,2.830000,2.840000,2.840000,34345171
2020-09-07,2.840000,2.900000,2.810000,2.880000,2.880000,29467440
2020-09-08,2.900000,2.930000,2.890000,2.920000,2.920000,24495456
2020-09-09,2.880000,2.880000,2.840000,2.860000,2.860000,38347699
2020-09-10,2.900000,2.900000,2.855000,2.880000,2.880000,26882346
2020-09-11,2.850000,2.870000,2.840000,2.850000,2.850000,20987179
2020-09-14,2.870000,2.880000,2.850000,2.880000,2.880000,12289456
2020-09-15,2.870000,2.880000,2.820000,2.820000,2.820000,30230140
2020-09-16,2.840000,2.860000,2.820000,2.850000,2.850000,28841574
2020-09-17,2.820000,2.840000,2.800000,2.820000,2.820000,42345755
2020-09-18,2.830000,2.850000,2.810000,2.830000,2.830000,43210259
2020-09-21,2.820000,2.830000,2.810000,2.830000,2.830000,17430200
2020-09-22,2.810000,2.860000,2.810000,2.820000,2.820000,28737238
2020-09-23,2.840000,2.870000,2.815000,2.870000,2.870000,35354773
2020-09-24,2.830000,2.860000,2.830000,2.840000,2.840000,23430041
2020-09-25,2.840000,2.900000,2.835000,2.860000,2.860000,18030610
2020-09-28,2.860000,2.870000,2.830000,2.840000,2.840000,13222019
2020-09-29,2.850000,2.860000,2.830000,2.830000,2.830000,13390903
2020-09-30,2.820000,2.830000,2.780000,2.780000,2.780000,28960567
2020-10-01,2.780000,2.830000,2.780000,2.800000,2.800000,18636441
2020-10-02,2.790000,2.810000,2.760000,2.770000,2.770000,20267491
2020-10-05,2.800000,2.850000,2.800000,2.830000,2.830000,15522739
2020-10-06,2.830000,2.835000,2.800000,2.800000,2.800000,21131424
2020-10-07,2.810000,2.830000,2.780000,2.820000,2.820000,28333168
2020-10-08,2.820000,2.830000,2.790000,2.790000,2.790000,48658751
2020-10-09,2.790000,2.800000,2.770000,2.770000,2.770000,44386881
2020-10-12,2.770000,2.790000,2.770000,2.780000,2.780000,23230447
2020-10-13,2.830000,2.900000,2.820000,2.890000,2.890000,81246865
2020-10-14,2.890000,2.905000,2.830000,2.830000,2.830000,34561314
2020-10-15,2.840000,2.870000,2.800000,2.860000,2.860000,40586745
2020-10-16,2.870000,2.880000,2.840000,2.840000,2.840000,23715651
2020-10-19,2.850000,2.860000,2.840000,2.850000,2.850000,20629132
2020-10-20,2.840000,2.850000,2.790000,2.800000,2.800000,28978848
2020-10-21,2.800000,2.815000,2.785000,2.790000,2.790000,23245509
2020-10-22,2.780000,2.790000,2.750000,2.750000,2.750000,38249670
2020-10-23,2.760000,2.770000,2.720000,2.730000,2.730000,32764900
2020-10-26,2.740000,2.770000,2.730000,2.760000,2.760000,20040364
2020-10-27,2.740000,2.745000,2.700000,2.710000,2.710000,27438181
2020-10-28,2.710000,2.720000,2.700000,2.700000,2.700000,15338802
2020-10-29,2.700000,2.715000,2.660000,2.690000,2.690000,33559631
2020-10-30,2.700000,2.710000,2.670000,2.680000,2.680000,22353228
2020-11-02,2.700000,2.740000,2.690000,2.730000,2.730000,18113424
2020-11-03,2.730000,2.775000,2.730000,2.760000,2.760000,14960921
2020-11-04,2.760000,2.765000,2.710000,2.730000,2.730000,21698650
2020-11-05,2.740000,2.780000,2.730000,2.780000,2.780000,20151952
2020-11-06,2.790000,2.810000,2.770000,2.800000,2.800000,22966166
2020-11-09,2.810000,2.870000,2.800000,2.860000,2.860000,31790989
2020-11-10,2.900000,2.950000,2.885000,2.900000,2.900000,45442440
2020-11-11,2.920000,3.005000,2.915000,2.990000,2.990000,45810304
2020-11-12,3.180000,3.190000,3.070000,3.080000,3.080000,67323243
2020-11-13,3.080000,3.140000,3.080000,3.130000,3.130000,42889509
2020-11-16,3.150000,3.165000,3.140000,3.160000,3.160000,3164766
2020-11-17,3.160000,3.160000,3.090000,3.120000,3.120000,38441131
2020-11-18,3.130000,3.140000,3.050000,3.080000,3.080000,25527984
2020-11-19,3.090000,3.100000,3.050000,3.100000,3.100000,24581148
2020-11-20,3.110000,3.120000,3.080000,3.090000,3.090000,21744361
2020-11-23,3.100000,3.110000,3.080000,3.080000,3.080000,13831959
2020-11-24,3.090000,3.140000,3.085000,3.120000,3.120000,25379818
2020-11-25,3.130000,3.140000,3.100000,3.100000,3.100000,34521902
2020-11-26,3.110000,3.130000,3.090000,3.110000,3.110000,17979945
2020-11-27,3.110000,3.130000,3.100000,3.110000,3.110000,15242142
2020-11-30,3.120000,3.130000,3.070000,3.070000,3.070000,37021176
2020-12-01,3.090000,3.110000,3.065000,3.080000,3.080000,27689041
2020-12-02,3.090000,3.090000,3.040000,3.050000,3.050000,34827277
2020-12-03,3.060000,3.070000,3.020000,3.030000,3.030000,21295814
2020-12-04,3.020000,3.070000,3.020000,3.050000,3.050000,20162618
2020-12-07,3.080000,3.085000,3.050000,3.060000,3.060000,15845338
2020-12-08,3.050000,3.070000,3.040000,3.040000,3.040000,22532841
2020-12-09,3.050000,3.080000,3.050000,3.070000,3.070000,19070030
2020-12-10,3.040000,3.060000,3.030000,3.040000,3.040000,19690716
2020-12-11,3.030000,3.055000,3.030000,3.030000,3.030000,22552421
2020-12-14,3.040000,3.060000,3.030000,3.030000,3.030000,16766974
2020-12-15,3.030000,3.040000,3.020000,3.020000,3.020000,18264466
2020-12-16,3.030000,3.050000,3.020000,3.020000,3.020000,21345307
2020-12-17,3.030000,3.050000,3.030000,3.050000,3.050000,24576107
2020-12-18,3.040000,3.040000,3.020000,3.030000,3.030000,32533031