Date,Open,High,Low,Close,Adj Close,Volume
2019-12-19,37.810001,38.119999,37.689999,37.840000,36.931892,3200930
2019-12-20,37.740002,37.759998,37.130001,37.240002,36.346291,5201561
2019-12-23,37.200001,37.645000,37.080002,37.560001,36.658611,983525
2019-12-24,37.310001,37.540001,37.230000,37.369999,36.473167,459868
2019-12-27,37.299999,37.459999,37.169998,37.410000,36.512211,804108
2019-12-30,37.340000,37.509998,37.080002,37.439999,36.541489,755147
2019-12-31,36.950001,37.040001,36.160000,36.160000,35.292210,1739296
2020-01-02,35.860001,36.500000,35.799999,36.279999,35.409328,1112479
2020-01-03,36.869999,36.895000,36.279999,36.349998,35.477646,919848
2020-01-06,36.160000,36.320000,36.009998,36.310001,35.438610,1015702
2020-01-07,36.689999,37.040001,36.509998,36.939999,36.053490,1258476
2020-01-08,36.910000,37.340000,36.720001,37.250000,36.356052,1399499
2020-01-09,37.560001,37.744999,37.009998,37.220001,36.326771,1606988
2020-01-10,37.500000,37.939999,37.360001,37.820000,36.912373,2042173
2020-01-13,37.619999,37.680000,37.320000,37.430000,36.531731,1315709
2020-01-14,37.820000,38.424999,37.380001,38.380001,37.458931,2549697
2020-01-15,38.599998,38.599998,37.930000,38.310001,37.390610,2271213
2020-01-16,38.849998,38.884998,38.529999,38.680000,37.751732,1958203
2020-01-17,38.950001,39.150002,38.889999,39.040001,38.103092,2458372
2020-01-20,39.279999,39.450001,38.900002,39.240002,38.298294,1536732
2020-01-21,39.500000,40.009998,39.500000,40.009998,39.049812,2943530
2020-01-22,40.759998,41.320000,40.270000,41.320000,40.328377,6056729
2020-01-23,41.450001,41.580002,40.759998,40.939999,39.957493,6343064
2020-01-24,41.310001,41.330002,40.820000,40.840000,39.859898,1726734
2020-01-28,39.910000,41.160000,39.910000,41.150002,40.162457,2090086
2020-01-29,41.180000,41.369999,40.910000,41.189999,40.201492,1881092
2020-01-30,41.500000,41.610001,41.209999,41.439999,40.445492,2559413
2020-01-31,41.799999,41.985001,41.660000,41.840000,40.835896,4198765
2020-02-03,41.320000,42.009998,41.320000,41.820000,40.816376,2181969
2020-02-04,41.830002,42.459999,41.799999,42.380001,41.362934,2139973
2020-02-05,42.349998,42.610001,42.009998,42.220001,41.206776,1891860
2020-02-06,42.730000,43.080002,42.279999,42.549999,41.528854,3197867
2020-02-07,43.000000,43.040001,42.520000,42.720001,41.694778,2017002
2020-02-10,43.000000,43.200001,42.580002,43.110001,42.075420,2042101
2020-02-11,43.480000,43.709999,43.025002,43.200001,42.163258,1751620
2020-02-12,43.220001,43.459999,43.040001,43.049999,42.016857,1788783
2020-02-13,43.380001,43.380001,42.590000,42.880001,41.850937,1841934
2020-02-14,43.139999,43.470001,42.820000,43.139999,42.104698,1678776
2020-02-17,42.779999,43.310001,42.720001,43.270000,42.231579,578538
2020-02-18,43.330002,43.700001,43.160000,43.520000,42.475578,1796446
2020-02-19,43.500000,43.580002,43.220001,43.529999,42.485336,2102700
2020-02-20,43.849998,43.959999,43.480000,43.599998,42.553658,3006791
2020-02-21,43.500000,43.639999,42.959999,43.450001,42.407257,1539550
2020-02-24,42.709999,42.970001,42.509998,42.650002,41.626457,1680215
2020-02-25,41.730000,42.279999,41.610001,41.849998,40.845654,3310000
2020-02-26,42.049999,42.230000,40.160000,40.730000,39.752533,4582782
2020-02-27,40.360001,41.080002,40.080002,40.220001,39.254772,4028055
2020-02-28,39.330002,39.389999,38.680000,38.799999,37.868851,6384318
2020-03-02,37.730000,38.790001,37.669998,38.630001,37.702930,4753654
2020-03-03,38.630001,38.849998,37.860001,38.000000,37.088051,5807874
2020-03-04,37.500000,37.869999,37.029999,37.040001,36.594070,4381718
2020-03-05,37.830002,37.950001,37.169998,37.730000,37.275764,5260802
2020-03-06,37.220001,38.270000,37.220001,38.000000,37.542515,3629172
2020-03-09,37.000000,38.099998,36.700001,37.470001,37.018894,5275195
2020-03-10,36.279999,37.529999,35.849998,37.340000,36.890461,6759595
2020-03-11,36.090000,36.779999,35.680000,36.049999,35.615990,6570082
2020-03-12,35.680000,36.730000,34.310001,34.709999,34.292122,8194140
2020-03-13,32.119999,37.340000,32.119999,37.049999,36.603951,13080821
2020-03-16,37.000000,38.285000,36.299999,36.320000,35.882740,7978723
2020-03-17,35.520000,41.000000,35.520000,39.849998,39.370239,10096499
2020-03-18,40.169998,40.889999,38.250000,39.599998,39.123249,9265711
2020-03-19,39.990002,41.869999,39.270000,39.900002,39.419640,8721914
2020-03-20,40.000000,40.000000,36.889999,37.470001,37.018894,9314123
2020-03-23,34.860001,37.200001,34.610001,36.450001,36.011173,6847215
2020-03-24,35.959999,36.660000,34.750000,36.180000,35.744423,5245444
2020-03-25,36.299999,37.689999,34.709999,36.419998,35.981533,5044175
2020-03-26,36.750000,37.279999,35.619999,36.730000,36.287804,4423085
2020-03-27,37.189999,38.200001,34.799999,34.799999,34.381039,7493396
2020-03-30,34.369999,38.139999,34.369999,38.139999,37.680828,3750817
2020-03-31,38.049999,38.049999,34.779999,35.099998,34.677425,6373615
2020-04-01,36.099998,36.310001,35.139999,36.009998,35.576469,3975356
2020-04-02,35.200001,36.150002,35.160000,35.770000,35.339359,3509983
2020-04-03,35.590000,36.150002,35.200001,35.500000,35.072613,4233502
2020-04-06,35.599998,37.779999,35.590000,37.150002,36.702747,3786671
2020-04-07,37.180000,37.369999,35.650002,36.099998,35.665386,5284390
2020-04-08,35.700001,36.610001,34.980000,34.980000,34.558872,5368917
2020-04-09,34.990002,35.380001,34.639999,35.099998,34.677425,4328537
2020-04-14,35.000000,36.250000,34.980000,36.139999,35.704906,3599271
2020-04-15,35.889999,36.650002,35.889999,36.209999,35.774063,2986025
2020-04-16,35.369999,37.290001,35.369999,37.240002,36.791664,5644865
2020-04-17,37.450001,38.119999,36.930000,37.400002,36.949738,3845351
2020-04-20,36.990002,38.020000,36.930000,37.119999,36.673107,2895115
2020-04-21,36.959999,37.369999,35.900002,36.009998,35.576469,2592131
2020-04-22,35.590000,36.520000,35.400002,36.290001,35.853100,2922218
2020-04-23,36.450001,36.500000,35.709999,36.130001,35.695026,1959254
2020-04-24,36.150002,36.400002,35.724998,35.889999,35.457916,2872463
2020-04-27,36.299999,36.799999,35.880001,36.680000,36.238403,1923125
2020-04-28,36.860001,36.980000,36.470001,36.799999,36.356960,2987029
2020-04-29,36.509998,36.630001,35.759998,36.029999,35.596230,3612104
2020-04-30,36.029999,36.180000,34.889999,35.750000,35.319603,5782928
2020-05-01,35.040001,35.490002,34.450001,34.450001,34.035252,3926125
2020-05-04,34.099998,35.290001,34.099998,35.250000,34.825623,3457116
2020-05-05,35.349998,35.529999,34.980000,35.310001,34.884899,2466018
2020-05-06,35.020000,35.290001,34.740002,35.119999,34.697186,2062787
2020-05-07,35.189999,35.270000,34.700001,34.910000,34.489716,3188886
2020-05-08,34.990002,35.060001,34.480000,34.700001,34.282242,2322743
2020-05-11,34.500000,34.990002,34.310001,34.740002,34.321762,3425641
2020-05-12,34.549999,35.119999,34.549999,35.020000,34.598389,3670175
2020-05-13,34.660000,35.040001,34.360001,35.040001,34.618149,2177940
2020-05-14,34.810001,35.200001,34.700001,35.020000,34.598389,2312108
2020-05-15,34.720001,35.160000,34.660000,35.160000,34.736706,1605446
2020-05-18,35.200001,35.419998,34.980000,35.259998,34.835499,1865524
2020-05-19,35.900002,35.900002,34.939999,35.000000,34.578632,2479638
2020-05-20,34.650002,34.930000,34.564999,34.689999,34.272362,2594569
2020-05-21,34.799999,34.799999,34.330002,34.490002,34.074772,2213295
2020-05-22,34.200001,34.349998,33.820000,34.160000,33.748745,3847339
2020-05-25,34.389999,34.590000,34.110001,34.549999,34.134048,1553039
2020-05-26,34.669998,35.340000,34.470001,35.340000,34.914539,3293663
2020-05-27,34.849998,35.049999,34.570000,34.720001,34.302002,4443246
2020-05-28,34.720001,35.080002,34.520000,34.779999,34.361279,4422642
2020-05-29,34.599998,35.580002,34.259998,35.340000,34.914539,9785478
2020-06-01,34.810001,35.279999,34.799999,35.279999,34.855259,2166851
2020-06-02,35.099998,35.750000,34.880001,35.549999,35.122009,1924461
2020-06-03,35.680000,36.220001,35.369999,36.080002,35.645630,2966426
2020-06-04,36.299999,36.900002,36.099998,36.599998,36.159367,4179168
2020-06-05,36.810001,37.200001,36.540001,37.060001,36.613831,3697254
2020-06-09,38.110001,38.150002,37.380001,37.939999,37.483234,4230108
2020-06-10,37.799999,38.090000,37.529999,37.770000,37.315281,3857159
2020-06-11,37.060001,37.459999,36.529999,36.810001,36.366840,3031955
2020-06-12,36.830002,37.830002,36.505001,36.669998,36.228523,4701784
2020-06-15,36.200001,36.459999,35.700001,35.849998,35.418396,3808444
2020-06-16,36.700001,36.705002,36.009998,36.279999,35.843220,4696030
2020-06-17,36.259998,37.000000,36.130001,36.950001,36.505154,4031248
2020-06-18,36.669998,37.150002,36.430000,36.580002,36.139610,4736753
2020-06-19,36.980000,37.180000,36.529999,36.549999,36.109970,9308925
2020-06-22,36.500000,36.889999,36.330002,36.660000,36.218647,1878458
2020-06-23,36.950001,36.950001,35.970001,36.380001,35.942017,3328802
2020-06-24,36.119999,36.259998,35.919998,36.119999,35.685146,3391556
2020-06-25,35.700001,36.419998,35.660000,36.060001,35.625870,3021152
2020-06-26,36.169998,36.584999,36.009998,36.389999,35.951897,4097728
2020-06-29,36.290001,36.369999,35.930000,36.369999,35.932137,1892699
2020-06-30,37.150002,37.549999,36.849998,37.279999,36.831181,4129370
2020-07-01,37.119999,37.150002,36.549999,36.900002,36.455757,2142960
2020-07-02,36.709999,37.235001,36.709999,37.180000,36.732384,2744974
2020-07-03,37.259998,37.770000,37.029999,37.770000,37.315281,1547068
2020-07-06,37.830002,38.009998,37.549999,37.580002,37.127571,1461465
2020-07-07,37.750000,37.980000,37.400002,37.840000,37.384441,1908441
2020-07-08,38.000000,38.639999,37.889999,38.220001,37.759865,2922373
2020-07-09,38.150002,38.630001,38.000000,38.209999,37.749985,3049449
2020-07-10,37.900002,38.549999,37.680000,38.509998,38.046371,1795229
2020-07-13,38.869999,38.980000,38.389999,38.490002,38.026615,1954221
2020-07-14,38.330002,38.540001,38.209999,38.410000,37.947578,2227117
2020-07-15,38.450001,38.919998,38.310001,38.910000,38.441559,2125864
2020-07-16,39.040001,39.040001,38.560001,38.799999,38.332882,2057700
2020-07-17,39.049999,39.080002,38.639999,38.860001,38.392159,2164532
2020-07-20,38.730000,39.020000,38.689999,38.889999,38.421799,934787
2020-07-21,39.070000,39.375000,38.770000,39.230000,38.757706,1702767
2020-07-22,39.200001,39.209999,38.450001,38.650002,38.184689,2589134
2020-07-23,38.330002,38.619999,38.220001,38.450001,37.987095,1435002
2020-07-24,38.459999,38.680000,38.150002,38.630001,38.164928,1445449
2020-07-27,38.849998,39.340000,38.730000,38.990002,38.520596,2127129
2020-07-28,39.259998,39.520000,38.740002,38.790001,38.323002,2247725
2020-07-29,38.869999,39.169998,38.705002,38.840000,38.372402,2417189
2020-07-30,38.820000,39.380001,38.820000,39.320000,38.846622,1746378
2020-07-31,39.299999,39.400002,38.430000,38.680000,38.214329,3580802
2020-08-03,38.529999,39.119999,38.480000,39.040001,38.569992,2124379
2020-08-04,39.619999,40.000000,39.470001,39.919998,39.439396,2198557
2020-08-05,39.500000,39.680000,39.070000,39.250000,38.777466,2264694
2020-08-06,39.230000,39.419998,39.020000,39.160000,38.688549,1563240
2020-08-07,39.009998,39.200001,38.720001,38.939999,38.471195,1825675
2020-08-10,39.279999,40.340000,39.169998,40.040001,39.557953,2397865
2020-08-11,40.000000,40.430000,39.730000,40.130001,39.646870,1800636
2020-08-12,40.299999,40.560001,40.090000,40.380001,39.893860,1587007
2020-08-13,40.540001,40.560001,40.189999,40.389999,39.903740,2192734
2020-08-14,40.369999,40.680000,40.150002,40.270000,39.785187,1589042
2020-08-17,40.020000,40.240002,39.709999,39.860001,39.380119,1511553
2020-08-18,39.900002,40.259998,39.689999,40.200001,39.716026,2128576
2020-08-19,39.880001,40.790001,39.880001,40.580002,40.091454,2016770
2020-08-20,40.049999,40.349998,39.880001,40.139999,39.656750,2833231
2020-08-21,40.139999,40.360001,39.439999,39.580002,39.103493,2911907
2020-08-24,39.369999,40.040001,39.299999,39.790001,39.310963,1587650
2020-08-25,40.099998,40.130001,39.220001,39.439999,38.965176,2402508
2020-08-26,39.049999,39.430000,39.049999,39.270000,38.797222,1724506
2020-08-27,39.320000,40.480000,39.270000,40.380001,39.893860,3635795
2020-08-28,40.020000,40.340000,39.645000,39.770000,39.291203,2993559
2020-08-31,39.500000,40.130001,39.160000,39.869999,39.389999,3855568
2020-09-01,38.930000,39.259998,38.119999,38.209999,38.209999,3319221
2020-09-02,38.799999,39.400002,38.549999,39.220001,39.220001,2382555
2020-09-03,39.630001,39.939999,39.459999,39.570000,39.570000,2387161
2020-09-04,38.750000,38.889999,37.919998,38.009998,38.009998,2770566
2020-09-07,37.509998,37.720001,37.209999,37.509998,37.509998,1831601
2020-09-08,37.689999,37.740002,37.020000,37.369999,37.369999,1948770
2020-09-09,36.799999,37.020000,36.549999,36.810001,36.810001,3017646
2020-09-10,37.099998,37.130001,36.459999,36.849998,36.849998,2199717
2020-09-11,36.520000,36.880001,36.439999,36.709999,36.709999,1516559
2020-09-14,36.970001,36.970001,36.320000,36.490002,36.490002,1491252
2020-09-15,36.209999,36.459999,36.099998,36.340000,36.340000,2416391
2020-09-16,36.790001,36.919998,36.439999,36.740002,36.740002,3193343
2020-09-17,36.500000,36.619999,36.160000,36.480000,36.480000,3256553
2020-09-18,36.599998,36.750000,36.049999,36.049999,36.049999,6846978
2020-09-21,36.000000,36.375000,35.980000,36.209999,36.209999,2284113
2020-09-22,36.259998,37.049999,36.209999,36.849998,36.849998,3614600
2020-09-23,37.389999,38.505001,37.250000,38.250000,38.250000,3191495
2020-09-24,37.950001,38.189999,37.669998,37.880001,37.880001,2019151
2020-09-25,37.700001,37.919998,37.549999,37.799999,37.799999,1790130
2020-09-28,37.610001,37.980000,37.509998,37.520000,37.520000,1339841
2020-09-29,37.700001,37.730000,37.130001,37.320000,37.320000,1718357
2020-09-30,36.820000,37.270000,36.410000,36.430000,36.430000,3393671
2020-10-01,36.459999,36.900002,36.410000,36.459999,36.459999,1403398
2020-10-02,36.209999,36.540001,36.009998,36.490002,36.490002,1832360
2020-10-05,37.000000,37.200001,36.770000,37.130001,37.130001,992374
2020-10-06,37.400002,37.400002,36.790001,37.029999,37.029999,1362404
2020-10-07,37.099998,37.900002,37.020000,37.770000,37.770000,1758628
2020-10-08,37.770000,38.200001,37.540001,37.919998,37.919998,1565267
2020-10-09,37.889999,38.130001,37.650002,37.759998,37.759998,1789971
2020-10-12,37.660000,37.980000,37.500000,37.939999,37.939999,1494983
2020-10-13,38.480000,38.689999,38.134998,38.500000,38.500000,1609963
2020-10-14,38.500000,39.200001,38.500000,38.830002,38.830002,1671570
2020-10-15,39.299999,39.490002,38.820000,39.200001,39.200001,2210426
2020-10-16,39.250000,39.599998,38.970001,39.200001,39.200001,2752534
2020-10-19,39.349998,39.660000,39.259998,39.400002,39.400002,1063883
2020-10-20,39.130001,39.580002,39.009998,39.139999,39.139999,1810277
2020-10-21,39.139999,39.189999,38.529999,38.619999,38.619999,1762527
2020-10-22,38.259998,38.750000,37.869999,38.720001,38.720001,1546797
2020-10-23,38.700001,38.950001,38.549999,38.820000,38.820000,1763873
2020-10-26,39.009998,39.520000,38.689999,38.840000,38.840000,1748302
2020-10-27,38.619999,38.830002,38.160000,38.360001,38.360001,1940835
2020-10-28,38.369999,39.360001,38.360001,39.070000,39.070000,2342394
2020-10-29,38.959999,39.349998,38.720001,38.799999,38.799999,1755276
2020-10-30,38.560001,38.830002,38.160000,38.160000,38.160000,3540720
2020-11-02,38.380001,38.700001,38.209999,38.529999,38.529999,1510511
2020-11-03,38.410000,38.990002,38.259998,38.810001,38.810001,1868449
2020-11-04,39.150002,39.150002,38.259998,38.549999,38.549999,2703684
2020-11-05,39.209999,39.480000,38.939999,39.150002,39.150002,2890372
2020-11-06,39.099998,39.259998,38.799999,38.959999,38.959999,1538984
2020-11-09,39.250000,39.680000,39.220001,39.439999,39.439999,1787480
2020-11-10,39.599998,39.599998,37.560001,37.639999,37.639999,5284369
2020-11-11,37.950001,38.430000,37.509998,38.250000,38.250000,5185297
2020-11-12,38.250000,38.599998,38.134998,38.250000,38.250000,1609314
2020-11-13,38.480000,38.540001,38.060001,38.060001,38.060001,1805935
2020-11-16,38.320000,38.480000,38.250000,38.480000,38.480000,95659
2020-11-17,38.299999,38.389999,38.049999,38.240002,38.240002,2576990
2020-11-18,38.380001,38.570000,38.150002,38.480000,38.480000,2714620
2020-11-19,38.480000,38.490002,38.080002,38.169998,38.169998,2255438
2020-11-20,38.240002,38.340000,38.000000,38.070000,38.070000,2332182
2020-11-23,38.200001,38.230000,37.840000,37.869999,37.869999,1504897
2020-11-24,38.000000,38.259998,37.740002,37.900002,37.900002,2667762
2020-11-25,37.930000,38.250000,37.730000,37.900002,37.900002,2468069
2020-11-26,38.049999,38.330002,37.740002,37.759998,37.759998,1787958
2020-11-27,37.759998,37.915001,37.560001,37.560001,37.560001,1803249
2020-11-30,37.750000,37.790001,36.880001,36.980000,36.980000,5779362
2020-12-01,36.990002,37.849998,36.990002,37.650002,37.650002,3160411
2020-12-02,37.660000,37.930000,37.500000,37.840000,37.840000,3309929
2020-12-03,37.849998,38.000000,37.700001,37.840000,37.840000,2224063
2020-12-04,37.840000,38.009998,37.599998,37.720001,37.720001,1979475
2020-12-07,38.090000,38.529999,37.959999,38.450001,38.450001,2247149
2020-12-08,38.279999,39.570000,38.250000,39.459999,39.459999,3843138
2020-12-09,39.799999,39.924999,39.595001,39.790001,39.790001,3280780
2020-12-10,39.790001,40.029999,39.509998,39.509998,39.509998,2464820
2020-12-11,39.020000,39.230000,38.740002,38.910000,38.910000,2046484
2020-12-14,39.430000,39.540001,39.150002,39.169998,39.169998,1462236
2020-12-15,38.959999,39.549999,38.959999,39.070000,39.070000,2081977
2020-12-16,39.000000,39.680000,38.799999,39.389999,39.389999,2020743
2020-12-17,39.669998,39.810001,39.320000,39.459999,39.459999,2599462
2020-12-18,39.779999,40.290001,39.549999,39.990002,39.990002,4654110